sched_type,preemption_interval_us,throughput,proportion_long_jobs,num_short,num_long,short_0_pct,short_25_pct,short_50_pct,short_75_pct,short_90_pct,short_99_pct,short_99.9_pct,short_100_pct,long_0_pct,long_25_pct,long_50_pct,long_75_pct,long_90_pct,long_99_pct,long_99.9_pct,long_100_pct
dFCFS,0,0,0,0,0,0.000000,0.000000,0.000000,0.000000,0.000000,0.000000,0.000000,0.000000,0.000000,0.000000,0.000000,0.000000,0.000000,0.000000,0.000000,0.000000
dFCFS,0,25000,0,25000,0,5.132000,10.528750,13.912000,37.274500,41.652000,54.378730,580.056209,3129.945000,0.000000,0.000000,0.000000,0.000000,0.000000,0.000000,0.000000,0.000000
dFCFS,0,50000,0,50000,0,4.756000,9.595000,11.975000,16.888250,45.834200,72.993180,194.383446,2639.161000,0.000000,0.000000,0.000000,0.000000,0.000000,0.000000,0.000000,0.000000
dFCFS,0,75000,0,75000,0,4.419000,9.768000,12.293000,16.240000,51.256100,149.930250,685.504472,2699.372000,0.000000,0.000000,0.000000,0.000000,0.000000,0.000000,0.000000,0.000000
dFCFS,0,100000,0,100000,0,4.437000,10.243000,12.699000,16.380000,29.185200,134.675220,413.204851,2749.386000,0.000000,0.000000,0.000000,0.000000,0.000000,0.000000,0.000000,0.000000
dFCFS,0,125000,0,125000,0,4.688000,10.685000,13.397500,18.255250,42.574100,706.069860,4061.897393,4957.459000,0.000000,0.000000,0.000000,0.000000,0.000000,0.000000,0.000000,0.000000
dFCFS,0,150000,0,150000,0,4.744000,11.145000,14.421000,20.786000,41.496000,649.716700,2173.860014,5975.185000,0.000000,0.000000,0.000000,0.000000,0.000000,0.000000,0.000000,0.000000
dFCFS,0,175000,0,175000,0,4.305000,11.297000,14.817000,21.141250,36.419200,552.437420,1839.418399,4443.138000,0.000000,0.000000,0.000000,0.000000,0.000000,0.000000,0.000000,0.000000
dFCFS,0,200000,0,200000,0,3.964000,11.481000,15.610500,22.408250,35.373100,375.534990,859.786254,5161.903000,0.000000,0.000000,0.000000,0.000000,0.000000,0.000000,0.000000,0.000000
dFCFS,0,225000,0,225000,0,4.317000,12.014750,17.170000,26.414250,43.464100,581.123890,956.728006,37480.665000,0.000000,0.000000,0.000000,0.000000,0.000000,0.000000,0.000000,0.000000
dFCFS,0,250000,0,250000,0,4.716000,12.306000,18.586000,30.657000,55.603100,1051.101060,2361.989925,8476.307000,0.000000,0.000000,0.000000,0.000000,0.000000,0.000000,0.000000,0.000000
dFCFS,0,275000,0,275000,0,3.784000,12.493000,19.878000,34.566250,82.467300,1639.032180,2684.995028,12498.278000,0.000000,0.000000,0.000000,0.000000,0.000000,0.000000,0.000000,0.000000
dFCFS,0,300000,0,300000,0,4.043000,16.530000,32.929000,300.627750,1510.508500,7188.126090,9250.559098,62775.497000,0.000000,0.000000,0.000000,0.000000,0.000000,0.000000,0.000000,0.000000
dFCFS,0,325000,0,325000,0,4.470000,14.091000,24.796000,44.244250,154.486200,3243.084950,5455.672588,154175.852000,0.000000,0.000000,0.000000,0.000000,0.000000,0.000000,0.000000,0.000000
dFCFS,0,350000,0,350000,0,3.655000,15.921000,30.506000,62.837250,520.074800,6355.676400,8077.922079,143406.971000,0.000000,0.000000,0.000000,0.000000,0.000000,0.000000,0.000000,0.000000
dFCFS,0,375000,0,375000,0,3.667000,16.597000,31.269000,60.632000,478.322100,2839.662140,4096.477160,133861.493000,0.000000,0.000000,0.000000,0.000000,0.000000,0.000000,0.000000,0.000000
dFCFS,0,400000,0,400000,0,3.893000,21.637000,44.730000,140.843750,1182.317800,5160.074570,5761.024584,101180.011000,0.000000,0.000000,0.000000,0.000000,0.000000,0.000000,0.000000,0.000000
dFCFS,0,425000,0,425000,0,3.783000,25.825750,56.295000,478.172750,3359.211500,8814.399180,10008.057180,101052.183000,0.000000,0.000000,0.000000,0.000000,0.000000,0.000000,0.000000,0.000000
dFCFS,0,450000,0,450000,0,3.826000,44.719000,116.853000,1263.105000,3231.571900,5942.317430,7050.412129,97180.310000,0.000000,0.000000,0.000000,0.000000,0.000000,0.000000,0.000000,0.000000
dFCFS,0,475000,0,475000,0,3.969000,69.357750,450.184500,1583.016750,3065.998700,4567.250000,4948.053148,103998.888000,0.000000,0.000000,0.000000,0.000000,0.000000,0.000000,0.000000,0.000000
dFCFS,0,500000,0,500000,0,7.049000,6290.556000,7667.925500,9458.927500,11614.009200,13711.935070,13883.027158,86012.532000,0.000000,0.000000,0.000000,0.000000,0.000000,0.000000,0.000000,0.000000
dFCFS,0,0,0.01,0,0,0.000000,0.000000,0.000000,0.000000,0.000000,0.000000,0.000000,0.000000,0.000000,0.000000,0.000000,0.000000,0.000000,0.000000,0.000000,0.000000
dFCFS,0,25000,0.01,24742,258,5.306000,11.205000,13.174000,16.699500,41.039500,69.963480,217.127857,6162.396000,1005.729000,1009.611250,1011.790000,1014.900500,1043.515000,1221.802350,1523.661936,1592.063000
dFCFS,0,50000,0.01,49500,500,4.622000,9.564000,11.919000,17.273250,45.701300,74.017280,198.464331,2079.675000,1004.638000,1008.640000,1011.021500,1017.407000,1046.017300,1077.687760,1382.481342,1593.729000
dFCFS,0,75000,0.01,74163,837,4.628000,10.047000,12.521000,16.480000,49.744800,157.835160,662.944916,6398.003000,1004.429000,1009.046000,1011.435000,1015.518000,1048.118800,1161.144960,1494.846508,1673.539000
dFCFS,0,100000,0.01,98983,1017,4.412000,10.278000,12.870000,16.900000,31.449400,133.952580,526.795980,9140.229000,1003.938000,1009.268000,1011.703000,1015.843000,1035.595200,1233.336120,1441.629408,1567.577000
dFCFS,0,125000,0.01,123721,1279,4.482000,10.882000,13.969000,19.034000,33.668000,345.379000,1439.143360,3655.475000,1003.933000,1009.783000,1012.812000,1018.366000,1038.718000,1335.197320,2236.506336,2558.300000
dFCFS,0,150000,0.01,148568,1432,3.720000,11.324000,15.104000,20.972250,35.934900,325.241350,940.000467,12860.798000,1004.112000,1010.370000,1013.993000,1020.496250,1036.251600,1351.861940,2842.292416,3175.099000
dFCFS,0,175000,0.01,173202,1798,4.388000,12.121250,17.004000,24.492750,42.862000,1188.913460,2929.837139,7365.595000,1003.813000,1011.539250,1016.461500,1024.120750,1046.042600,2622.526480,4730.102739,8351.765000
dFCFS,0,200000,0.01,197954,2046,4.423000,12.755000,18.682000,28.160750,59.429800,1655.245590,3107.890915,77209.123000,1003.493000,1011.915000,1017.689000,1028.356500,1066.477500,2357.001000,4100.258595,4281.780000
dFCFS,0,225000,0.01,222798,2202,4.379000,13.049000,19.523000,28.843000,49.703000,601.974250,1260.398484,5163.993000,1004.019000,1012.046750,1018.979500,1028.699000,1051.797800,1549.149310,3216.910274,7020.694000
dFCFS,0,250000,0.01,247433,2567,3.696000,13.782000,21.891000,34.720000,110.188600,2346.723400,3955.054920,18280.390000,1003.651000,1012.905000,1021.530000,1035.330500,1135.704000,3950.767420,5162.096990,6437.736000
dFCFS,0,275000,0.01,272275,2725,4.298000,15.287000,24.763000,41.110000,168.002800,1170.628040,1571.703854,13232.637000,1003.487000,1014.677000,1024.265000,1042.834000,1165.546600,2199.837880,2873.357816,6967.222000
dFCFS,0,300000,0.01,296969,3031,4.347000,17.716000,30.755000,81.931000,343.987000,1182.727920,1727.643752,33382.513000,1003.750000,1017.084000,1031.240000,1087.012000,1349.279000,2191.923900,4636.269590,7266.064000
dFCFS,0,325000,0.01,321781,3219,3.635000,21.293000,39.409000,217.432000,681.667000,3721.673200,4686.210160,31431.936000,1003.555000,1021.062000,1041.991000,1215.960000,1669.423400,4821.702500,9499.546164,27487.147000
dFCFS,0,350000,0.01,346582,3418,4.346000,24.541250,48.943000,290.829500,887.560100,2710.950300,4423.503566,63731.612000,1003.487000,1023.943000,1048.246000,1300.841000,1862.403600,3533.493930,5376.946404,7876.010000
dFCFS,0,375000,0.01,371340,3660,4.399000,34.251750,144.271000,606.101500,1218.034400,2484.076230,2999.854284,81207.605000,1003.715000,1034.207500,1153.845000,1654.143000,2213.011200,3433.330200,4009.320690,8602.196000
dFCFS,0,400000,0.01,396035,3965,4.466000,510.520500,1482.411000,2720.381000,3849.599000,5324.901180,5732.881546,109151.344000,1003.755000,1501.939000,2430.019000,3653.578000,4735.295800,6337.447120,7953.258612,11857.313000
dFCFS,0,425000,0.01,420734,4266,4.466000,9688.880250,19621.509500,44312.256750,50383.453600,54489.196650,55273.622212,119656.328000,1004.698000,10792.680750,20738.086500,45008.199250,51323.652500,55344.127150,56244.365555,60231.090000
dFCFS,0,450000,0.01,445512,4488,5.056000,26563.236000,49811.452500,74917.463000,86894.054100,93563.764110,95565.964262,146847.177000,1056.193000,27244.833000,50815.189000,76073.401250,89036.220900,94950.882500,97135.097888,130482.158000
dFCFS,0,475000,0.01,470155,4845,5.486000,45978.671000,79473.757000,118270.709000,143380.497000,154612.141220,155313.684300,182326.016000,1018.584000,46251.155000,80683.427000,119834.738000,144253.501200,155583.064040,156226.417144,165724.025000
dFCFS,0,500000,0.01,495035,4965,4.774000,50635.694000,107880.677000,162527.293000,184607.172600,198189.271480,199070.954490,254884.061000,1024.344000,52025.551000,109046.137000,163018.192000,185059.018200,199044.016880,199920.573840,200233.431000
dFCFS,0,0,0.1,0,0,0.000000,0.000000,0.000000,0.000000,0.000000,0.000000,0.000000,0.000000,0.000000,0.000000,0.000000,0.000000,0.000000,0.000000,0.000000,0.000000
dFCFS,0,25000,0.1,22484,2516,4.923000,10.320750,12.535500,16.446250,39.419200,72.072780,224.307758,1099.890000,1003.821000,1009.439250,1011.501500,1015.220750,1038.691500,1074.267900,1341.403525,2625.592000
dFCFS,0,50000,0.1,45001,4999,4.618000,10.923000,15.662000,45.264000,219.777000,2161.793000,3712.595000,4288.744000,1004.185000,1010.150500,1014.962000,1047.914500,1218.621800,3413.045940,4652.369010,6808.869000
dFCFS,0,75000,0.1,67491,7509,5.913000,19336.477500,26009.953000,43117.484000,50658.659000,52684.052800,53452.978690,53618.936000,1008.374000,20294.811000,27010.067000,44051.185000,51415.883200,53623.890920,54350.140700,54706.460000
dFCFS,0,100000,0.1,90024,9976,7.019000,102513.709000,185857.373500,284445.538500,341509.143400,372381.571460,374917.982901,377799.831000,1017.139000,103342.683250,190451.648000,285784.171000,342162.122000,373272.521750,376003.266525,376823.700000
dFCFS,0,125000,0.1,112542,12458,7.838000,187018.075000,368849.680000,543781.222250,649949.209100,714483.551100,720592.755981,720958.595000,1007.905000,187984.412000,370069.548000,544893.562750,651621.662700,715105.153370,721488.113359,721860.157000
dFCFS,0,150000,0.1,135062,14938,6.168000,275597.716500,552947.772000,1071994.173750,1221926.301400,1315373.946400,1324730.102623,1327280.667000,1005.286000,277989.786250,548455.840000,1070793.493000,1222749.612800,1315878.696930,1325156.712228,1326157.197000
dFCFS,0,175000,0.1,157473,17527,7.986000,373131.963000,717853.855000,1064525.229000,1278414.829000,1399027.151920,1412324.085160,1413753.050000,1007.499000,369949.922500,718403.645000,1066468.318000,1277933.227600,1400291.130500,1413288.237144,1414473.220000
dFCFS,0,200000,0.1,180170,19830,6.016000,456806.391000,901437.226500,1421865.501000,1874385.672700,2028350.453810,2043039.871043,2047567.565000,1009.083000,461737.770250,891476.287500,1436933.057750,1875967.094900,2029137.709830,2044070.474607,2046322.391000
dFCFS,0,225000,0.1,202300,22700,6.266000,591598.271500,1125230.540000,1633656.803000,1965893.670900,2161437.587350,2180837.900941,2182783.726000,1004.866000,598832.125750,1132375.509000,1635024.512750,1972990.054100,2162462.133060,2181625.286753,2183756.327000
dFCFS,0,250000,0.1,224847,25153,6.681000,639097.679500,1241545.859000,1831465.010000,2317377.944000,2535612.843800,2561095.330028,2563122.679000,1004.908000,631062.821000,1237096.468000,1841685.870000,2321751.873200,2539022.027640,2561514.425568,2566257.830000
dFCFS,0,275000,0.1,247255,27745,9.812000,724638.598500,1432034.850000,2114091.493000,2525703.311400,2782065.939740,2806855.909948,2809005.920000,1011.643000,720333.115000,1417423.556000,2114385.726000,2529177.165600,2782211.560920,2807127.315816,2809444.691000
dFCFS,0,300000,0.1,269774,30226,4.861000,803948.246750,1610757.043000,2420009.615250,2887206.448100,3164266.506930,3191221.462333,3196863.179000,1015.047000,806506.311500,1633478.386500,2418290.605750,2886417.193000,3164703.925250,3192427.944250,3195543.542000
dFCFS,0,325000,0.1,292693,32307,7.975000,877165.228000,1754242.296000,2636824.785000,3137214.927200,3515407.623000,3547473.868432,3550509.703000,1005.257000,888807.053000,1761392.261000,2632609.736000,3144784.745000,3517587.066540,3548017.142486,3551093.078000
dFCFS,0,350000,0.1,315158,34842,7.510000,964643.384250,2011944.159500,2964167.240250,3529012.427100,3860365.142890,3895099.733891,3901833.531000,1007.978000,966727.947500,2001380.270000,2955023.258000,3526644.332700,3863175.239850,3896909.601070,3900984.457000
dFCFS,0,375000,0.1,337555,37445,9.531000,1081518.620000,2378550.630000,3402848.327000,4146251.309000,4509136.903000,4549529.759316,4552185.919000,1011.955000,1058840.415000,2368684.583000,3407098.879000,4142263.301000,4511765.144680,4549118.970640,4553139.192000
dFCFS,0,400000,0.1,360388,39612,5.505000,1114420.121000,2213582.831000,3453548.665750,4259806.938000,4662502.682380,4701341.814345,4705799.529000,1019.653000,1128857.141500,2236764.565500,3518775.837250,4266846.176000,4661023.593790,4700540.864679,4704712.962000
dFCFS,0,425000,0.1,382511,42489,11.159000,1256101.872000,2450440.215000,3644200.007000,4367978.925000,4811300.332200,4857215.845760,4862275.624000,1006.552000,1240650.853000,2440004.548000,3662422.828000,4380536.615400,4815263.635600,4858375.822288,4863249.203000
dFCFS,0,450000,0.1,405610,44390,5.142000,1315515.161750,2587494.004500,3838667.664250,4606902.150200,5010799.823170,5018347.338626,5024080.435000,1015.400000,1310825.448500,2585001.309500,3850798.882750,4614705.964100,5011333.217020,5019001.277565,5024119.775000
dFCFS,0,0,0.5,0,0,0.000000,0.000000,0.000000,0.000000,0.000000,0.000000,0.000000,0.000000,0.000000,0.000000,0.000000,0.000000,0.000000,0.000000,0.000000,0.000000
dFCFS,0,25000,0.5,12539,12461,16.148000,163546.191000,325189.722000,470317.079000,558262.437200,620715.255100,627109.049458,627693.432000,1010.885000,162522.213000,322233.357000,475522.313000,564486.949000,621976.819400,627843.987280,628348.233000
dFCFS,0,50000,0.5,24995,25005,15.771000,568158.625500,1139826.677000,1714516.800500,2044889.717000,2253633.046820,2272000.387260,2276864.733000,1007.709000,572277.698000,1138472.291000,1710363.439000,2048716.485600,2253767.094800,2273591.170312,2276010.986000
dFCFS,0,75000,0.5,37429,37571,11.590000,968400.542000,1924362.790000,2899363.616000,3471262.479800,3820937.385080,3855628.127964,3858793.466000,1006.434000,979673.000000,1947070.641000,2910436.319500,3480288.124000,3821947.159500,3856130.048220,3859817.252000
dFCFS,0,100000,0.5,49986,50014,20.350000,1400015.252000,2819695.788500,4187355.095750,4971956.398500,5069889.013100,5077901.735990,5082675.081000,1012.427000,1394310.163500,2781896.151000,4156998.272000,4963194.632700,5070514.440370,5078138.713289,5083618.402000
cFCFS,500,0,0,0,0,0.000000,0.000000,0.000000,0.000000,0.000000,0.000000,0.000000,0.000000,0.000000,0.000000,0.000000,0.000000,0.000000,0.000000,0.000000,0.000000
cFCFS,500,25000,0,25000,0,4.398000,10.657000,12.584000,14.458250,20.925000,58.433200,165.828035,7496.362000,0.000000,0.000000,0.000000,0.000000,0.000000,0.000000,0.000000,0.000000
cFCFS,500,50000,0,50000,0,3.869000,9.938750,11.886000,13.938250,21.945100,42.956010,128.043506,4460.758000,0.000000,0.000000,0.000000,0.000000,0.000000,0.000000,0.000000,0.000000
cFCFS,500,75000,0,75000,0,4.289000,10.208000,12.332000,15.115000,22.630200,46.288160,182.974962,2244.770000,0.000000,0.000000,0.000000,0.000000,0.000000,0.000000,0.000000,0.000000
cFCFS,500,100000,0,100000,0,4.106000,10.568000,12.979000,16.481000,23.937100,56.698310,253.719325,2139.567000,0.000000,0.000000,0.000000,0.000000,0.000000,0.000000,0.000000,0.000000
cFCFS,500,125000,0,125000,0,3.838000,11.022000,13.925000,18.419000,28.259300,318.042330,1006.122493,3046.506000,0.000000,0.000000,0.000000,0.000000,0.000000,0.000000,0.000000,0.000000
cFCFS,500,150000,0,150000,0,3.750000,11.410000,14.838000,19.970000,31.573100,199.297240,547.931735,2589.509000,0.000000,0.000000,0.000000,0.000000,0.000000,0.000000,0.000000,0.000000
cFCFS,500,175000,0,175000,0,3.846000,12.011000,16.108000,21.835000,34.084000,622.654590,1564.675413,2632.806000,0.000000,0.000000,0.000000,0.000000,0.000000,0.000000,0.000000,0.000000
cFCFS,500,200000,0,200000,0,3.915000,12.478000,17.483000,24.300000,42.851400,1483.838920,2208.947173,6209.074000,0.000000,0.000000,0.000000,0.000000,0.000000,0.000000,0.000000,0.000000
cFCFS,500,225000,0,225000,0,3.747000,12.568000,18.005000,25.064000,40.820000,410.767290,781.952003,2469.809000,0.000000,0.000000,0.000000,0.000000,0.000000,0.000000,0.000000,0.000000
cFCFS,500,250000,0,250000,0,3.646000,12.653000,18.841000,26.609000,43.142100,267.787090,647.141570,6881.538000,0.000000,0.000000,0.000000,0.000000,0.000000,0.000000,0.000000,0.000000
cFCFS,500,275000,0,275000,0,3.817000,12.609000,19.287500,27.719000,52.143000,712.087530,1622.168015,3855.689000,0.000000,0.000000,0.000000,0.000000,0.000000,0.000000,0.000000,0.000000
cFCFS,500,300000,0,300000,0,3.980000,12.730000,20.109000,28.645000,49.543000,905.058970,2223.048095,5979.211000,0.000000,0.000000,0.000000,0.000000,0.000000,0.000000,0.000000,0.000000
cFCFS,500,325000,0,325000,0,4.621000,13.247000,21.432000,31.128000,55.844200,1044.841690,2497.984773,7450.674000,0.000000,0.000000,0.000000,0.000000,0.000000,0.000000,0.000000,0.000000
cFCFS,500,350000,0,350000,0,3.888000,13.830000,22.638000,33.009250,56.511200,971.913380,2779.342456,7250.697000,0.000000,0.000000,0.000000,0.000000,0.000000,0.000000,0.000000,0.000000
cFCFS,500,375000,0,375000,0,3.636000,15.608000,26.432000,41.038000,153.303400,1905.595600,2978.187620,6277.866000,0.000000,0.000000,0.000000,0.000000,0.000000,0.000000,0.000000,0.000000
cFCFS,500,400000,0,400000,0,3.676000,15.539000,26.303000,40.032000,134.740500,1464.037980,3348.641276,6484.319000,0.000000,0.000000,0.000000,0.000000,0.000000,0.000000,0.000000,0.000000
cFCFS,500,425000,0,425000,0,3.689000,17.943000,31.327000,51.877250,474.181800,2990.809360,3883.787473,6307.949000,0.000000,0.000000,0.000000,0.000000,0.000000,0.000000,0.000000,0.000000
cFCFS,500,450000,0,450000,0,4.566000,18.560000,32.432500,55.566250,366.147700,3151.044480,4299.311462,6256.841000,0.000000,0.000000,0.000000,0.000000,0.000000,0.000000,0.000000,0.000000
cFCFS,500,475000,0,475000,0,3.902000,21.684750,37.845000,101.552000,700.241700,3662.094780,4321.368905,6341.384000,0.000000,0.000000,0.000000,0.000000,0.000000,0.000000,0.000000,0.000000
cFCFS,500,500000,0,500000,0,3.665000,21.276000,36.648000,76.056500,736.481100,3292.057540,3991.638009,6164.900000,0.000000,0.000000,0.000000,0.000000,0.000000,0.000000,0.000000,0.000000
cFCFS,500,0,0.01,0,0,0.000000,0.000000,0.000000,0.000000,0.000000,0.000000,0.000000,0.000000,0.000000,0.000000,0.000000,0.000000,0.000000,0.000000,0.000000,0.000000
cFCFS,500,25000,0.01,24750,250,4.485000,10.727000,12.537000,14.280750,18.776400,49.396830,227.936765,1392.254000,1006.993000,1009.700250,1011.757500,1013.647000,1027.407200,1114.151820,1226.786053,1245.910000
cFCFS,500,50000,0.01,49498,502,4.128000,9.723250,11.608000,13.788750,23.022500,49.024060,190.700888,1778.613000,1004.167000,1009.216250,1011.536000,1015.546000,1033.200400,1103.945240,1364.772095,1396.538000
cFCFS,500,75000,0.01,74244,756,4.322000,10.009000,12.248000,15.306250,23.655700,60.235450,200.925186,5827.807000,1004.921000,1009.675250,1011.988500,1018.231250,1033.837000,1125.500100,1389.734305,1412.678000
cFCFS,500,100000,0.01,99018,982,4.063000,10.401000,12.977500,16.602000,23.975600,60.995300,237.482056,5768.252000,1004.422000,1009.886250,1013.080500,1020.544500,1039.228400,1151.216210,1429.407569,1432.793000
cFCFS,500,125000,0.01,123733,1267,4.219000,11.067000,14.435000,19.441000,29.890800,654.920520,1589.088384,7132.540000,1004.463000,1010.843000,1015.366000,1023.317500,1048.747400,1834.594120,2486.261556,2548.649000
cFCFS,500,150000,0.01,148573,1427,4.535000,11.406000,15.346000,20.612000,28.748000,132.592480,774.531508,2608.239000,1004.416000,1010.887500,1015.871000,1023.368000,1049.040600,1349.500660,1868.620836,2246.233000
cFCFS,500,175000,0.01,173255,1745,4.551000,11.997000,17.090000,23.694000,38.397600,661.350880,1466.651966,5558.885000,1003.974000,1012.084000,1018.589000,1030.332000,1078.505800,1544.596360,2413.441544,6357.436000
cFCFS,500,200000,0.01,197947,2053,4.015000,12.596000,18.623000,26.020000,43.187600,977.710000,2313.476566,5595.105000,1003.817000,1012.959000,1020.115000,1034.604000,1103.601800,2000.582040,3004.527612,3210.194000
cFCFS,500,225000,0.01,222725,2275,3.887000,14.092000,21.518000,30.854000,58.800200,572.603800,1442.118348,6079.643000,1003.881000,1015.050500,1023.407000,1041.036000,1124.203600,1710.133300,2716.336710,6884.158000
cFCFS,500,250000,0.01,247553,2447,3.692000,14.909000,23.283000,34.575000,80.597600,1000.227360,2545.469208,3175.182000,1003.659000,1015.963500,1025.604000,1051.588500,1168.080000,1957.990660,3669.795644,5213.942000
cFCFS,500,275000,0.01,272193,2807,3.935000,15.878000,25.400000,40.570000,103.642800,893.089120,1920.984072,6393.498000,1003.722000,1016.764500,1028.098000,1065.352500,1195.715400,2150.395540,5156.393924,7115.601000
cFCFS,500,300000,0.01,296956,3044,4.394000,17.182000,28.033000,47.523250,147.666000,1349.944250,3064.802125,5656.066000,1003.706000,1018.630750,1031.829000,1086.800750,1244.663100,2481.454510,4317.146819,7478.742000
cFCFS,500,325000,0.01,321712,3288,4.305000,19.162000,31.706000,73.078250,303.337200,2275.879470,3630.765342,5717.402000,1003.534000,1021.053500,1038.131000,1134.072000,1468.820700,3641.686710,5769.207903,7010.126000
cFCFS,500,350000,0.01,346532,3468,4.411000,21.808000,37.121000,99.089250,445.298900,2887.022640,4659.961104,7155.147000,1003.613000,1024.538750,1047.633000,1184.500500,1576.037700,4100.083290,6374.302822,7545.238000
cFCFS,500,375000,0.01,371290,3710,4.456000,26.761000,49.233000,175.815000,558.958700,1614.965260,2109.292481,6459.946000,1003.675000,1030.797500,1081.088000,1305.395250,1741.484000,2844.052120,3474.982201,6962.758000
cFCFS,500,400000,0.01,396054,3946,4.028000,37.902250,111.025500,481.652750,1142.260200,1990.197980,2365.559244,6411.916000,1003.651000,1046.977000,1172.343500,1639.713750,2265.060000,3202.876100,3819.941855,7594.115000
cFCFS,500,425000,0.01,420714,4286,4.433000,49.949000,200.257500,920.713750,1700.994200,3001.199700,3672.637190,9505.710000,1003.882000,1066.076250,1299.248500,2049.633750,2847.870500,4063.053750,5405.016725,8175.342000
cFCFS,500,450000,0.01,445468,4532,4.342000,131.361000,573.528000,1493.256250,2137.410800,2947.680940,5156.420117,7019.148000,1004.063000,1187.574000,1652.200000,2569.145250,3211.681100,4180.347120,6209.351564,8313.996000
cFCFS,500,475000,0.01,470275,4725,5.755000,10876.902500,19007.370000,25917.240000,33304.118400,38605.551420,39315.854992,39634.174000,1030.096000,12159.419000,20043.622000,27034.468000,34487.840800,39631.539960,40551.092444,40899.835000
cFCFS,500,500000,0.01,495130,4870,4.832000,18514.779000,36769.505000,47933.806500,56553.849700,61129.428760,62103.102630,63439.334000,1005.722000,18289.284000,37559.887000,49081.021250,59171.737200,62387.143950,63038.783045,66826.383000
cFCFS,500,0,0.1,0,0,0.000000,0.000000,0.000000,0.000000,0.000000,0.000000,0.000000,0.000000,0.000000,0.000000,0.000000,0.000000,0.000000,0.000000,0.000000,0.000000
cFCFS,500,25000,0.1,22469,2531,4.041000,9.705000,11.423000,13.644000,22.513400,50.511040,189.833504,582.581000,1005.271000,1009.132500,1011.396000,1018.256000,1038.853000,1237.092500,1438.408300,6081.262000
cFCFS,500,50000,0.1,44975,5025,3.853000,9.748000,12.902000,23.090500,78.925000,394.484840,1064.051782,3112.243000,1003.684000,1009.777000,1015.130000,1058.599000,1207.832200,1523.355360,2533.776656,6660.524000
cFCFS,500,75000,0.1,67487,7513,4.448000,17.983000,117.030000,375.185500,701.717400,1418.830320,2027.838958,2376.845000,1003.622000,1027.288000,1178.709000,1448.241000,1795.586800,2540.225760,3049.381848,6941.811000
cFCFS,500,100000,0.1,90049,9951,7.537000,38917.596000,82437.718000,150588.871000,180552.095600,191810.406080,193765.698280,194383.199000,1007.116000,40973.018500,87857.719000,151626.534000,180876.880000,192914.046500,194817.941550,196744.450000
cFCFS,500,125000,0.1,112285,12715,7.348000,123623.274000,253259.961000,377649.094000,450636.466200,501729.013040,506348.830224,507473.514000,1010.902000,124965.672500,254055.780000,378724.430000,454304.827600,502858.380440,507622.109898,508369.835000
cFCFS,500,150000,0.1,134852,15148,9.751000,205870.312000,403412.967500,599503.938500,714888.688300,790458.753370,798640.028242,801375.011000,1012.161000,202038.088500,401735.344500,600575.522250,718636.611800,791834.912260,799792.353518,800507.406000
cFCFS,500,175000,0.1,157479,17521,5.283000,275209.875000,536712.113000,803245.334500,967348.412000,1063230.046300,1072402.429724,1073814.873000,1007.022000,271298.352000,538562.702000,807342.965000,970059.116000,1064276.575800,1073631.560840,1074737.623000
cFCFS,500,200000,0.1,179769,20231,4.990000,341957.143000,691045.220000,1044714.988000,1243415.102000,1369032.938480,1384133.415472,1384794.424000,1014.321000,346955.980500,694929.200000,1039557.431000,1247541.890000,1371206.665500,1384530.032530,1388053.929000
cFCFS,500,225000,0.1,202628,22372,5.796000,440894.572000,845918.963000,1255267.568750,1498559.962100,1643478.395340,1658020.568017,1659347.378000,1009.812000,428268.187750,837205.379500,1249444.984000,1496502.857400,1644062.754040,1658910.879767,1660307.272000
cFCFS,500,250000,0.1,224910,25090,6.658000,492481.452750,980205.924000,1482556.828500,1774615.258900,1942272.523130,1959974.930876,1963960.746000,1008.392000,494666.537000,987557.581000,1478503.993000,1771013.257700,1942306.322880,1960546.620200,1962344.759000
cFCFS,500,275000,0.1,247358,27642,7.108000,555573.050000,1128851.731000,1706283.275250,2032847.449200,2250409.100180,2270259.930065,2272091.097000,1005.206000,564748.755500,1139659.670000,1707316.701500,2041534.962500,2250317.740700,2270490.118174,2272993.659000
cFCFS,500,300000,0.1,269953,30047,4.861000,630249.691000,1269410.343000,1912135.103000,2283115.654600,2510553.205480,2534063.009152,2536602.081000,1017.418000,637222.839500,1268292.450000,1907622.269000,2285061.669800,2512379.467640,2535126.269808,2539378.186000
cFCFS,500,325000,0.1,292157,32843,5.844000,719341.553000,1440238.886000,2163759.664000,2597521.898000,2850745.980480,2875039.296912,2877972.399000,1007.014000,723606.026500,1444701.837000,2166240.460000,2593656.979200,2850945.438660,2876059.947768,2878966.281000
cFCFS,500,350000,0.1,314575,35425,6.477000,805827.496000,1607095.890000,2403263.774500,2882415.791600,3162027.290500,3189336.713940,3195196.437000,1012.224000,802211.435000,1604209.435000,2399614.687000,2876088.032200,3162111.720560,3190630.822056,3194027.626000
cFCFS,500,375000,0.1,337715,37285,8.486000,850368.672500,1690951.767000,2558090.373500,3067680.030000,3375940.706280,3403338.169846,3406209.866000,1018.094000,854413.770000,1700703.696000,2559821.388000,3066334.613600,3373269.993160,3404112.728536,3407035.245000
cFCFS,500,400000,0.1,359882,40118,5.947000,941140.645750,1881872.390000,2829967.731000,3376915.683400,3721891.942250,3753399.611617,3757681.815000,1013.784000,939064.766500,1879612.483000,2821502.414500,3384082.180900,3720513.525150,3753504.561823,3757001.437000
cFCFS,500,425000,0.1,382801,42199,19.613000,993777.901000,1994999.045000,2988117.627000,3596515.430000,3958331.851000,3994680.145800,3999360.070000,1043.265000,1003526.679000,1998181.339000,2998931.567000,3600806.504600,3960105.051440,3996452.762518,4000348.570000
cFCFS,500,450000,0.1,405006,44994,12.699000,1083435.280250,2151070.649500,3214070.538500,3875408.262500,4257268.841000,4294556.115420,4301152.452000,1023.065000,1081962.791250,2156972.891500,3223176.138750,3871348.782600,4257729.223080,4296229.693695,4300457.523000
cFCFS,500,475000,0.1,427239,47761,12.614000,1144670.546500,2302073.000000,3446563.444500,4151864.087000,4579874.330620,4620433.231676,4624429.857000,1010.550000,1158972.073000,2310921.776000,3463715.942000,4159571.659000,4579507.551000,4620609.012320,4625503.156000
cFCFS,500,500000,0.1,449993,50007,11.848000,1229153.783000,2421798.800000,3672516.839000,4412969.147200,4868892.053040,4913930.209144,4920249.802000,1023.925000,1232091.984500,2455195.983000,3689273.524000,4429958.332000,4870861.192120,4914502.215144,4919483.613000
cFCFS,500,0,0.5,0,0,0.000000,0.000000,0.000000,0.000000,0.000000,0.000000,0.000000,0.000000,0.000000,0.000000,0.000000,0.000000,0.000000,0.000000,0.000000,0.000000
cFCFS,500,25000,0.5,12436,12564,10.057000,94177.659500,196262.961000,280498.513750,340880.168000,377839.942350,381996.693505,382506.415000,1009.524000,93881.350750,194318.588500,282512.742500,341966.766900,378906.305940,382888.368795,383360.717000
cFCFS,500,50000,0.5,24777,25223,16.811000,437126.081000,872585.223000,1324561.947000,1608623.603600,1778524.696200,1791605.899200,1795464.860000,1009.156000,442772.084500,888546.993000,1340526.680000,1614546.786000,1777728.485980,1793031.191926,1794708.324000
cFCFS,500,75000,0.5,37434,37566,11.123000,778187.347750,1569711.405000,2369135.528000,2829293.578200,3109000.198280,3138711.999099,3142752.824000,1007.950000,776160.656750,1561290.415000,2353328.473000,2828782.478500,3111959.912150,3140649.833525,3144076.573000
cFCFS,500,100000,0.5,50012,49988,18.167000,1090913.416250,2233762.677500,3344405.172750,4050797.293400,4460222.816800,4501679.345963,4505947.215000,1021.093000,1104895.477250,2240790.664500,3369043.279750,4051848.805500,4459593.378680,4500577.896821,4504945.195000
cFCFS,500,125000,0.5,62396,62604,15.123000,1485835.516500,2990126.856500,4472547.619000,5051090.632000,5128623.898650,5137380.205715,5140817.595000,1012.542000,1492970.531000,2991147.153000,4475766.012250,5051543.888700,5128487.973340,5136256.430282,5141821.093000
cfs,0,0,0,0,0,0.000000,0.000000,0.000000,0.000000,0.000000,0.000000,0.000000,0.000000,0.000000,0.000000,0.000000,0.000000,0.000000,0.000000,0.000000,0.000000
cfs,0,25000,0,25000,0,4.077000,10.083750,12.759500,24.366000,30.431700,81.011030,317.619488,1133.763000,0.000000,0.000000,0.000000,0.000000,0.000000,0.000000,0.000000,0.000000
cfs,0,50000,0,50000,0,4.238000,9.032000,11.211000,16.028250,35.824200,152.994490,1002.761865,1393.001000,0.000000,0.000000,0.000000,0.000000,0.000000,0.000000,0.000000,0.000000
cfs,0,75000,0,75000,0,4.210000,8.835000,11.039000,15.482500,40.975300,438.102680,802.615315,2692.412000,0.000000,0.000000,0.000000,0.000000,0.000000,0.000000,0.000000,0.000000
cfs,0,100000,0,100000,0,3.860000,8.331000,10.013000,12.997000,21.134100,386.424000,899.219787,2339.585000,0.000000,0.000000,0.000000,0.000000,0.000000,0.000000,0.000000,0.000000
cfs,0,125000,0,125000,0,4.392000,8.415000,10.382000,13.558000,20.889200,221.058420,1193.660210,6005.945000,0.000000,0.000000,0.000000,0.000000,0.000000,0.000000,0.000000,0.000000
cfs,0,150000,0,150000,0,3.873000,8.554000,10.915000,14.398000,22.655300,126.972280,565.681064,6161.478000,0.000000,0.000000,0.000000,0.000000,0.000000,0.000000,0.000000,0.000000
cfs,0,175000,0,175000,0,3.620000,8.775000,11.875000,16.943000,33.029100,458.837650,1406.080162,3504.581000,0.000000,0.000000,0.000000,0.000000,0.000000,0.000000,0.000000,0.000000
cfs,0,200000,0,200000,0,4.550000,8.889000,12.361000,17.738000,32.327200,313.081200,733.417436,3924.041000,0.000000,0.000000,0.000000,0.000000,0.000000,0.000000,0.000000,0.000000
cfs,0,225000,0,225000,0,4.249000,9.452000,13.664000,21.503000,43.135100,487.253150,1264.173977,6743.428000,0.000000,0.000000,0.000000,0.000000,0.000000,0.000000,0.000000,0.000000
cfs,0,250000,0,250000,0,4.344000,9.746000,14.544000,23.199250,42.281100,580.169120,1919.160082,7188.209000,0.000000,0.000000,0.000000,0.000000,0.000000,0.000000,0.000000,0.000000
cfs,0,275000,0,275000,0,4.616000,10.392000,16.489500,28.542000,59.705100,1241.893180,3151.488492,11737.028000,0.000000,0.000000,0.000000,0.000000,0.000000,0.000000,0.000000,0.000000
cfs,0,300000,0,300000,0,3.753000,10.940000,17.462000,29.356000,63.054300,991.697470,2728.528067,12504.011000,0.000000,0.000000,0.000000,0.000000,0.000000,0.000000,0.000000,0.000000
cfs,0,325000,0,325000,0,4.010000,11.924750,20.685000,37.977000,99.016500,966.994940,2174.094200,15489.353000,0.000000,0.000000,0.000000,0.000000,0.000000,0.000000,0.000000,0.000000
cfs,0,350000,0,350000,0,3.848000,14.024000,28.963000,60.992000,213.828100,3520.169510,4653.063044,22545.596000,0.000000,0.000000,0.000000,0.000000,0.000000,0.000000,0.000000,0.000000
cfs,0,375000,0,375000,0,3.747000,13.978000,25.832000,48.643000,165.845000,919.767470,1543.231261,16531.375000,0.000000,0.000000,0.000000,0.000000,0.000000,0.000000,0.000000,0.000000
cfs,0,400000,0,400000,0,3.733000,17.210750,35.572500,75.610250,294.702000,1839.865030,3896.393028,14905.929000,0.000000,0.000000,0.000000,0.000000,0.000000,0.000000,0.000000,0.000000
cfs,0,425000,0,425000,0,3.805000,16.337000,31.226000,66.466250,322.819100,3245.266780,4557.857327,15708.336000,0.000000,0.000000,0.000000,0.000000,0.000000,0.000000,0.000000,0.000000
cfs,0,450000,0,450000,0,4.545000,21.349000,43.300000,94.119000,373.540600,1355.732400,1948.755023,26086.936000,0.000000,0.000000,0.000000,0.000000,0.000000,0.000000,0.000000,0.000000
cfs,0,475000,0,475000,0,3.682000,29.105000,70.126500,311.441000,844.035000,2084.046700,2959.206190,15858.121000,0.000000,0.000000,0.000000,0.000000,0.000000,0.000000,0.000000,0.000000
cfs,0,500000,0,500000,0,4.525000,30.164000,72.463000,349.027000,827.226800,1966.912040,2684.791753,17037.986000,0.000000,0.000000,0.000000,0.000000,0.000000,0.000000,0.000000,0.000000
cfs,0,0,0.01,0,0,0.000000,0.000000,0.000000,0.000000,0.000000,0.000000,0.000000,0.000000,0.000000,0.000000,0.000000,0.000000,0.000000,0.000000,0.000000,0.000000
cfs,0,25000,0.01,24735,265,4.893000,10.231000,12.862000,23.442500,29.579000,70.720580,275.934580,1516.242000,1004.648000,1009.570000,1011.436000,1018.897000,1028.047000,1104.253720,1194.144240,1194.168000
cfs,0,50000,0.01,49498,502,4.157000,8.931000,11.137000,16.082000,34.915800,70.325190,190.783662,2084.870000,1003.986000,1007.960000,1009.992000,1018.457000,1035.383800,1148.873920,2724.776766,3983.406000
cfs,0,75000,0.01,74236,764,4.312000,8.813000,11.061000,15.064000,38.241500,76.128000,194.295305,2181.341000,1003.654000,1008.157500,1010.542000,1016.154750,1039.022600,1114.931750,1340.617706,1349.116000
cfs,0,100000,0.01,99081,919,4.485000,8.276000,10.209000,13.270000,19.651000,197.242600,726.057360,2469.612000,1003.619000,1007.362000,1009.415000,1012.575000,1020.351400,1114.475940,2025.087440,5977.463000
cfs,0,125000,0.01,123689,1311,3.794000,8.396000,10.881000,14.188000,20.618200,320.359360,1646.071808,3001.231000,1003.687000,1007.450000,1009.863000,1013.189000,1021.165000,1506.907200,2470.172740,2635.919000
cfs,0,150000,0.01,148490,1510,4.306000,8.689000,11.806500,15.778000,23.166100,201.393140,1331.592074,3230.546000,1003.695000,1007.667250,1010.657000,1014.970250,1025.909400,1230.435600,2239.430268,2272.714000
cfs,0,175000,0.01,173227,1773,4.292000,9.296000,13.200000,18.787000,30.618400,416.443820,1782.778522,6184.656000,1003.823000,1008.016000,1011.834000,1017.830000,1029.144200,1410.786080,2728.334504,3326.723000
cfs,0,200000,0.01,198045,1955,4.344000,9.739000,14.335000,21.206000,35.596000,491.444000,1676.726556,9960.218000,1003.635000,1008.714000,1013.607000,1020.904500,1036.503200,1701.706740,3434.831836,6120.713000
cfs,0,225000,0.01,222746,2254,3.963000,11.096000,17.241000,27.073000,85.207500,2133.113850,3414.957050,9208.386000,1003.503000,1010.198750,1016.782500,1028.043250,1091.077900,3565.101530,4463.772871,4515.552000
cfs,0,250000,0.01,247541,2459,3.722000,11.786000,18.739000,30.344000,106.887000,738.046600,1259.255620,5478.712000,1003.534000,1010.972500,1018.301000,1030.514000,1123.991800,1789.475020,2652.993662,3455.292000
cfs,0,275000,0.01,272293,2707,4.080000,13.417000,22.725000,45.083000,225.594000,727.038520,1464.332364,7731.255000,1003.612000,1012.690000,1022.849000,1053.098000,1239.059800,1723.422320,3087.479026,6378.567000
cfs,0,300000,0.01,297041,2959,4.357000,15.954000,29.071000,132.195000,468.128000,2349.238800,3297.550800,10098.598000,1003.540000,1015.247000,1028.959000,1144.215000,1490.238600,3402.035900,4473.751828,5535.130000
cfs,0,325000,0.01,321773,3227,3.699000,25.427000,108.725000,407.408000,824.406600,3950.451720,4682.904064,16537.416000,1003.602000,1024.572500,1097.648000,1390.032500,1795.027200,4898.389680,5563.220608,7729.019000
cfs,0,350000,0.01,346594,3406,3.994000,41.992500,271.017500,665.001000,1381.713700,2534.401100,3609.553690,11805.984000,1003.805000,1040.509500,1263.787000,1673.040250,2415.216500,3590.936450,6658.488460,13888.431000
cfs,0,375000,0.01,371152,3848,4.737000,2503.511500,4487.577000,6456.694500,11029.158500,12823.761860,13481.619853,20191.324000,1005.465000,3457.693000,5428.053000,7382.700000,11834.885600,13761.463970,14373.796178,15064.783000
cfs,0,400000,0.01,396072,3928,4.760000,12120.215750,21149.956500,28235.019500,40372.408500,43988.337180,44495.553971,54788.335000,1009.267000,13254.183500,22297.194500,29259.568000,41340.317100,44927.618610,45557.027136,46975.040000
cfs,0,425000,0.01,420757,4243,4.505000,22212.914000,60190.359000,90233.031000,116555.992400,130370.313040,132379.135048,139069.757000,1004.878000,24177.547000,61284.983000,92424.281500,117846.366000,131352.962320,133202.740358,133819.464000
cfs,0,450000,0.01,445588,4412,9.928000,51068.862750,94773.519500,149876.913500,174337.821000,189362.386880,190471.018453,194123.717000,1204.546000,53633.577250,97262.807000,150595.322500,175124.558800,190290.602830,191434.330100,191622.238000
cfs,0,475000,0.01,470277,4723,4.701000,51798.632000,113049.927000,169853.697000,204540.506200,224694.353920,229068.610256,236205.546000,1023.257000,52353.634000,113396.178000,171382.548500,206234.348600,226404.408320,230003.501236,230152.396000
cfs,0,500000,0.01,494947,5053,4.923000,91908.122500,172611.276000,262178.208500,316259.130400,340638.161640,342654.879674,346021.135000,1006.134000,91784.291000,173012.272000,263629.282000,315222.910400,341226.402400,343535.863736,343733.151000
cfs,0,0,0.1,0,0,0.000000,0.000000,0.000000,0.000000,0.000000,0.000000,0.000000,0.000000,0.000000,0.000000,0.000000,0.000000,0.000000,0.000000,0.000000,0.000000
cfs,0,25000,0.1,22419,2581,5.016000,9.788000,12.314000,23.198000,30.595400,260.474600,1708.355266,3547.555000,1004.722000,1008.776000,1011.390000,1022.316000,1029.519000,1286.374200,3091.419900,6328.173000
cfs,0,50000,0.1,45019,4981,4.656000,11.882500,31.420000,250.335500,596.421200,3055.879580,5148.624362,16406.248000,1004.017000,1011.143000,1031.580000,1264.466000,1611.366000,4054.238000,6793.638080,9484.638000
cfs,0,75000,0.1,67508,7492,6.608000,46896.154000,98772.484000,133526.755000,150741.847200,167623.317350,169449.165650,183114.385000,1011.157000,48153.815500,99532.429500,134679.011750,151794.698300,168731.741890,170454.584368,182062.415000
cfs,0,100000,0.1,89958,10042,8.292000,145610.608000,292396.481500,439242.822250,528588.982100,586792.572440,592407.419429,597729.933000,1012.183000,148430.947000,296822.535000,445324.192250,532872.015400,588062.383120,593344.602702,600570.797000
cfs,0,125000,0.1,112515,12485,5.776000,249031.464000,506051.646000,738628.260500,878335.818400,967570.131740,975986.889954,980423.939000,1009.752000,248378.824000,501403.181000,737672.791000,881073.032400,968481.321040,977103.059280,981658.063000
cfs,0,150000,0.1,135144,14856,6.842000,338222.268250,675358.465500,1012905.266750,1212549.642800,1337882.273850,1346832.117649,1352015.351000,1007.517000,341349.396750,679100.831000,1017369.567750,1215959.341500,1337557.212700,1348541.271190,1353402.791000
cfs,0,175000,0.1,157623,17377,6.229000,462481.570500,887164.104000,1318342.554500,1575115.957800,1727962.413060,1743645.875214,1750086.649000,1012.998000,448925.083000,880172.053000,1312514.325000,1574606.742000,1729254.512200,1744847.714624,1746592.206000
cfs,0,200000,0.1,180109,19891,6.911000,555471.342000,1062735.704000,1585549.771000,1905118.636600,2094401.014800,2111246.586372,2117150.663000,1006.624000,545869.314500,1054360.950000,1583274.783000,1903662.332000,2093871.024400,2112109.481060,2115894.215000
cfs,0,225000,0.1,202639,22361,6.072000,595684.471500,1224774.536000,1871964.020500,2242173.810400,2469157.080840,2487692.261758,2492309.001000,1017.572000,607007.057000,1229291.955000,1863621.230000,2241139.081000,2466943.698600,2488432.284960,2491011.959000
cfs,0,250000,0.1,225143,24857,4.958000,700845.314500,1416979.014000,2142562.160000,2564111.346800,2838351.533060,2861408.117124,2867221.291000,1009.899000,708378.869000,1415901.150000,2142286.392000,2574533.007200,2838018.238120,2863177.756200,2867417.531000
cfs,0,275000,0.1,247457,27543,5.345000,816406.227000,1595460.916000,2436773.965000,2936267.496000,3239858.331760,3268947.642824,3275400.107000,1020.821000,816138.121500,1602283.823000,2438858.404000,2938731.036000,3239911.348620,3270182.118460,3274063.032000
cfs,0,300000,0.1,269927,30073,7.275000,930414.975000,1865168.444000,2809894.348500,3364285.635000,3700426.509820,3731102.129234,3739813.126000,1006.964000,934695.748000,1870136.074000,2808141.635000,3367002.565800,3700947.188200,3733864.053936,3738963.440000
cfs,0,325000,0.1,292541,32459,6.310000,1028882.373000,2080725.629000,3100682.415000,3719477.735000,4095321.749600,4130075.953880,4136539.769000,1018.606000,1046948.354500,2080217.240000,3103761.561500,3722727.937400,4094222.298520,4130957.287570,4134869.854000
cfs,0,350000,0.1,314876,35124,5.777000,1142764.912000,2278845.080500,3402713.790750,4080992.380500,4489267.974000,4527526.912375,4535035.100000,1016.995000,1137171.895500,2268546.695500,3401273.502250,4080855.795700,4490294.555500,4530393.474641,4535130.388000
cfs,0,375000,0.1,337211,37789,4.666000,1238630.777000,2474819.017000,3707575.848000,4452833.470000,4902762.933700,4947233.455480,4961628.107000,1007.866000,1246617.840000,2479401.823000,3718370.526000,4460210.965400,4905491.087400,4949581.379272,4974461.812000
cfs,0,400000,0.1,360041,39959,5.713000,1339726.777000,2646159.654000,3987381.444000,4772818.077000,5040236.466000,5048019.382640,5054638.978000,1016.465000,1333800.451500,2654591.808000,3984795.153500,4777862.263000,5040608.293860,5048138.452702,5059137.076000
cfs,0,0,0.5,0,0,0.000000,0.000000,0.000000,0.000000,0.000000,0.000000,0.000000,0.000000,0.000000,0.000000,0.000000,0.000000,0.000000,0.000000,0.000000,0.000000
cfs,0,25000,0.5,12547,12453,11.080000,210973.642000,405004.622000,613915.065500,752961.891600,832069.213600,840305.296296,907567.623000,1010.747000,214145.064000,418716.019000,626895.238000,756723.759000,833228.829040,841090.846440,948436.553000
cfs,0,50000,0.5,24900,25100,9.547000,665032.464500,1344300.078000,2024116.676750,2431783.602000,2667308.757300,2693671.478602,2697899.288000,1009.969000,673622.495250,1344757.257000,2017637.880250,2422511.989300,2670162.256110,2694696.863074,2701112.087000
cfs,0,75000,0.5,37676,37324,15.416000,1123377.196750,2232229.080000,3354813.079750,4034546.388000,4441508.772000,4486537.817300,4489951.096000,1008.818000,1124966.656000,2246169.798000,3368944.064750,4042455.761000,4445176.490890,4485824.351044,4492111.494000
cfs,0,100000,0.5,50012,49988,8.933000,1553621.138750,3133406.860500,4705462.103750,5090578.972900,5168548.023790,5176250.324713,5181611.246000,1011.863000,1544423.371750,3129087.883000,4715201.781500,5091077.930000,5168249.993360,5176309.655964,5182947.849000
