sched_type,preemption_interval_us,throughput,proportion_long_jobs,num_short,num_long,short_0_pct,short_25_pct,short_50_pct,short_75_pct,short_90_pct,short_99_pct,short_99.9_pct,short_100_pct,long_0_pct,long_25_pct,long_50_pct,long_75_pct,long_90_pct,long_99_pct,long_99.9_pct,long_100_pct
dFCFS,0,0,0,0,0,0.000000,0.000000,0.000000,0.000000,0.000000,0.000000,0.000000,0.000000,0.000000,0.000000,0.000000,0.000000,0.000000,0.000000,0.000000,0.000000
dFCFS,0,25000,0,25000,0,5.752000,10.653750,14.313500,37.385000,42.060100,58.748800,137.541004,4305.346000,0.000000,0.000000,0.000000,0.000000,0.000000,0.000000,0.000000,0.000000
dFCFS,0,50000,0,50000,0,3.937000,9.797000,12.266000,16.742250,46.896100,99.089280,482.346582,5945.166000,0.000000,0.000000,0.000000,0.000000,0.000000,0.000000,0.000000,0.000000
dFCFS,0,75000,0,75000,0,4.432000,9.988000,12.535000,16.570250,50.874100,132.511560,685.832962,2802.846000,0.000000,0.000000,0.000000,0.000000,0.000000,0.000000,0.000000,0.000000
dFCFS,0,100000,0,100000,0,4.200000,10.396000,12.950000,17.096000,37.720200,153.542020,394.520472,2972.694000,0.000000,0.000000,0.000000,0.000000,0.000000,0.000000,0.000000,0.000000
dFCFS,0,125000,0,125000,0,4.691000,10.824000,13.526000,18.230000,32.167000,280.639780,884.892457,6295.187000,0.000000,0.000000,0.000000,0.000000,0.000000,0.000000,0.000000,0.000000
dFCFS,0,150000,0,150000,0,3.969000,11.246000,14.483000,20.566000,37.251100,381.137760,1183.310128,7064.560000,0.000000,0.000000,0.000000,0.000000,0.000000,0.000000,0.000000,0.000000
dFCFS,0,175000,0,175000,0,4.610000,11.480000,15.263000,22.646000,40.985200,468.135600,912.627203,6175.336000,0.000000,0.000000,0.000000,0.000000,0.000000,0.000000,0.000000,0.000000
dFCFS,0,200000,0,200000,0,4.717000,11.753000,16.388000,25.327250,44.020700,873.812480,2397.297843,7836.991000,0.000000,0.000000,0.000000,0.000000,0.000000,0.000000,0.000000,0.000000
dFCFS,0,225000,0,225000,0,3.798000,12.318000,17.968000,28.870000,48.935100,680.743220,1036.727155,9077.142000,0.000000,0.000000,0.000000,0.000000,0.000000,0.000000,0.000000,0.000000
dFCFS,0,250000,0,250000,0,3.890000,12.542000,19.396500,32.997250,64.749100,1534.650950,3242.476915,10067.712000,0.000000,0.000000,0.000000,0.000000,0.000000,0.000000,0.000000,0.000000
dFCFS,0,275000,0,275000,0,4.777000,12.626750,20.507000,36.348250,102.645100,2141.243400,2932.687412,17185.012000,0.000000,0.000000,0.000000,0.000000,0.000000,0.000000,0.000000,0.000000
dFCFS,0,300000,0,300000,0,4.692000,13.055750,22.369000,39.865250,83.876000,2951.871280,4723.518199,62925.413000,0.000000,0.000000,0.000000,0.000000,0.000000,0.000000,0.000000,0.000000
dFCFS,0,325000,0,325000,0,3.957000,14.279000,25.990000,48.706000,159.973300,2288.530610,5606.392193,135738.701000,0.000000,0.000000,0.000000,0.000000,0.000000,0.000000,0.000000,0.000000
dFCFS,0,350000,0,350000,0,3.863000,16.777000,32.661500,67.426250,834.807000,4828.342010,6695.279202,131628.655000,0.000000,0.000000,0.000000,0.000000,0.000000,0.000000,0.000000,0.000000
dFCFS,0,375000,0,375000,0,3.846000,17.218000,33.382500,63.773250,367.592100,2494.572130,3643.727338,94328.308000,0.000000,0.000000,0.000000,0.000000,0.000000,0.000000,0.000000,0.000000
dFCFS,0,400000,0,400000,0,4.543000,21.714000,44.641000,102.734000,962.804800,3855.630480,4465.405466,125538.213000,0.000000,0.000000,0.000000,0.000000,0.000000,0.000000,0.000000,0.000000
dFCFS,0,425000,0,425000,0,4.044000,20.940000,40.835000,86.245000,545.242000,2769.305690,4011.022605,101396.518000,0.000000,0.000000,0.000000,0.000000,0.000000,0.000000,0.000000,0.000000
dFCFS,0,450000,0,450000,0,3.778000,28.356000,59.173500,177.029250,994.128300,3415.420290,4492.320223,98139.185000,0.000000,0.000000,0.000000,0.000000,0.000000,0.000000,0.000000,0.000000
dFCFS,0,475000,0,475000,0,3.831000,76.136750,398.485000,1436.932750,2363.458100,5084.504540,5443.639030,80123.372000,0.000000,0.000000,0.000000,0.000000,0.000000,0.000000,0.000000,0.000000
dFCFS,0,500000,0,500000,0,4.771000,453.792000,1541.853500,3782.748500,5210.722200,7627.088060,8321.063243,70330.368000,0.000000,0.000000,0.000000,0.000000,0.000000,0.000000,0.000000,0.000000
dFCFS,0,0,0.01,0,0,0.000000,0.000000,0.000000,0.000000,0.000000,0.000000,0.000000,0.000000,0.000000,0.000000,0.000000,0.000000,0.000000,0.000000,0.000000,0.000000
dFCFS,0,25000,0.01,24758,242,4.900000,11.247500,13.339000,17.693250,41.642900,78.146050,687.873780,1998.745000,1005.345000,1010.205750,1012.483000,1014.757750,1039.027700,1078.653980,1176.396457,1203.635000
dFCFS,0,50000,0.01,49540,460,4.239000,9.741000,12.040500,15.561250,45.588100,77.308030,329.280427,2150.839000,1004.696000,1008.257250,1010.739000,1014.271500,1048.121900,1091.459300,3215.446757,3915.503000
dFCFS,0,75000,0.01,74225,775,4.647000,9.995000,12.364000,15.854000,46.718200,128.467560,577.540280,2126.285000,1004.784000,1009.200000,1011.568000,1014.739000,1048.172200,1198.256460,1707.533644,1801.957000
dFCFS,0,100000,0.01,99030,970,4.576000,10.315000,12.782000,16.521000,27.645000,125.310920,290.325867,8984.281000,1004.973000,1009.286250,1011.946000,1015.480750,1036.502500,1171.844540,2034.055150,2728.489000
dFCFS,0,125000,0.01,123692,1308,4.472000,10.911000,14.050000,19.554000,41.642700,1043.959990,2163.865830,7207.036000,1004.481000,1009.795750,1012.987000,1018.619250,1063.166300,2602.051340,7512.791177,13761.701000
dFCFS,0,150000,0.01,148530,1470,4.540000,11.277000,14.939000,20.352000,33.315100,285.640470,1409.789181,7808.480000,1004.427000,1010.181750,1014.037500,1019.870750,1034.093000,1403.791250,2166.698047,2343.267000
dFCFS,0,175000,0.01,173281,1719,4.517000,11.931000,16.674000,23.603000,36.853000,482.963200,1110.588600,8471.958000,1004.275000,1010.742500,1015.528000,1022.814500,1042.565000,1728.532120,2179.551948,3635.824000
dFCFS,0,200000,0.01,198009,1991,4.040000,12.605000,18.306000,26.910000,46.260200,827.274200,1422.280184,4920.613000,1003.795000,1011.663500,1017.710000,1027.079500,1050.623000,1864.432500,2388.095240,2453.806000
dFCFS,0,225000,0.01,222733,2267,4.387000,10.925000,16.986000,26.353000,58.002600,1667.234200,2635.286280,32584.994000,1003.764000,1009.600500,1016.060000,1025.506500,1057.769400,2757.191320,3526.992340,3711.800000
dFCFS,0,250000,0.01,247514,2486,3.886000,14.124000,22.557500,37.122750,175.894200,3167.409480,5099.638256,12570.384000,1003.599000,1012.916000,1021.970500,1037.300500,1214.643000,4041.250050,6171.493135,6674.630000
dFCFS,0,275000,0.01,272198,2802,4.306000,15.268000,24.820000,41.782000,178.175100,1070.356610,1599.078446,22189.933000,1003.630000,1014.332500,1024.324500,1044.033500,1198.639800,2077.264380,2664.256383,3812.537000
dFCFS,0,300000,0.01,297000,3000,4.387000,17.289000,29.393500,61.325250,298.518100,1977.236450,3472.778054,39222.348000,1003.869000,1016.596250,1028.849000,1065.359500,1296.144100,2965.190460,6572.287963,12111.156000
dFCFS,0,325000,0.01,321735,3265,4.285000,20.303000,36.396000,166.163000,626.738800,4484.980020,5543.019768,61745.292000,1003.437000,1019.668000,1036.314000,1165.093000,1653.139600,5595.518320,6600.351528,18630.325000
dFCFS,0,350000,0.01,346545,3455,4.400000,26.834000,66.839000,397.092000,997.317600,4580.066200,5499.268928,83557.434000,1003.866000,1027.181000,1070.060000,1411.291000,1974.755200,5697.371880,6503.444278,7312.289000
dFCFS,0,375000,0.01,371295,3705,4.378000,32.175000,115.620000,439.971500,913.736200,1975.975380,2499.563842,73038.379000,1003.510000,1031.442000,1115.646000,1435.632000,1873.406200,2900.341160,6251.189488,19610.450000
dFCFS,0,400000,0.01,395916,4084,4.519000,756.455250,1728.720500,2732.591750,4303.963500,5658.749050,6264.814925,66435.954000,1004.420000,1732.651750,2683.435500,3659.348500,5255.153900,6592.696250,7666.870909,32758.025000
dFCFS,0,425000,0.01,420739,4261,4.484000,8587.466000,11882.598000,24773.434000,30705.392200,36124.539560,36457.449296,117269.824000,1004.431000,9598.825000,13005.145000,25739.832000,31669.936000,37070.059200,37561.327760,38199.821000
dFCFS,0,450000,0.01,445512,4488,4.499000,29032.620750,50449.887500,68000.390250,84595.768000,88101.122370,88686.023467,126163.048000,1015.739000,28390.671750,50900.489000,69004.749500,85482.210500,89043.005710,89663.259822,89854.864000
dFCFS,0,475000,0.01,470338,4662,5.734000,35453.626250,72912.666000,103756.284250,130042.919600,137550.696240,138830.472076,173830.000000,1020.200000,36629.965500,73966.850500,105173.871000,130709.578600,138739.002630,139776.499719,140159.542000
dFCFS,0,500000,0.01,495024,4976,4.810000,50395.032000,99791.188500,157815.884750,185444.965400,202825.218310,205497.750308,234235.261000,1012.596000,50399.639750,102595.920000,159610.508250,187908.630500,203922.977000,206459.393425,206591.642000
dFCFS,0,0,0.1,0,0,0.000000,0.000000,0.000000,0.000000,0.000000,0.000000,0.000000,0.000000,0.000000,0.000000,0.000000,0.000000,0.000000,0.000000,0.000000,0.000000
dFCFS,0,25000,0.1,22603,2397,4.821000,10.480000,12.865000,18.569000,40.154000,95.470920,1103.315114,1300.654000,1003.954000,1009.582000,1011.962000,1018.761000,1040.706400,1143.010840,2065.495816,3046.260000
dFCFS,0,50000,0.1,44998,5002,4.374000,10.898000,15.650500,44.629000,205.011800,752.488710,1579.922953,7124.159000,1003.592000,1009.832250,1014.631500,1047.898250,1210.601900,1815.134030,2570.626756,3369.062000
dFCFS,0,75000,0.1,67602,7398,6.741000,17849.614250,26215.571000,29198.115000,31852.465500,34187.569640,34583.198729,142199.767000,1006.621000,18752.042250,27050.844000,30111.201250,32601.675100,35080.542460,35511.936565,40727.582000
dFCFS,0,100000,0.1,89872,10128,8.780000,106414.295000,205873.477500,299369.966750,357653.140900,390849.176940,393655.246162,394285.383000,1009.311000,107164.535750,203094.769000,300617.881000,358581.104500,391694.750410,394657.016329,397198.946000
dFCFS,0,125000,0.1,112584,12416,5.329000,175378.640250,366423.686500,537874.984500,641692.132900,699370.043950,706999.262222,717563.187000,1008.615000,179367.006500,364047.548000,536852.126500,641572.085000,701571.254700,708468.620870,754513.436000
dFCFS,0,150000,0.1,135047,14953,5.951000,280052.023000,537516.334000,798428.158500,956554.460400,1059931.429700,1070298.944658,1071888.289000,1005.066000,280823.022000,541328.165000,802163.100000,958242.514600,1062223.135000,1071600.846080,1075177.487000
dFCFS,0,175000,0.1,157474,17526,4.673000,349501.140750,710115.782500,1135640.428500,1347816.034400,1475941.975160,1489394.527984,1491093.313000,1004.655000,361059.967750,717258.782000,1141301.493500,1352001.808500,1477236.080250,1490402.107000,1491708.066000
dFCFS,0,200000,0.1,179818,20182,6.009000,461565.634250,911976.383500,1335157.849500,1607193.906900,1763100.132560,1779324.230980,1990292.895000,1009.098000,466704.294750,907109.696000,1343726.468250,1607835.861500,1764065.059670,1779967.598095,1781439.742000
dFCFS,0,225000,0.1,202512,22488,7.023000,534698.421000,1085989.527000,1590939.086750,1899222.299200,2095583.483210,2113852.935246,2116090.223000,1007.087000,538269.072000,1080966.465500,1596569.050500,1907745.373300,2096233.922880,2114812.101338,2116977.247000
dFCFS,0,250000,0.1,225146,24854,15.230000,638858.877250,1240578.930000,1821470.063000,2175231.713500,2394993.165650,2420368.560405,2425374.398000,1019.883000,625557.175750,1230352.322000,1826664.610000,2183804.076700,2399200.132210,2421435.497905,2423914.207000
dFCFS,0,275000,0.1,247219,27781,11.380000,740103.717500,1450590.141000,2154592.887000,2555844.986800,2801803.423660,2825167.525458,2827407.729000,1017.285000,723314.699000,1424135.995000,2136041.203000,2548041.031000,2801254.991200,2825659.923120,2828355.843000
dFCFS,0,300000,0.1,269892,30108,8.614000,794004.879000,1776420.260500,2584456.882500,3473567.427800,3753139.598880,3779970.301535,3785838.035000,1018.285000,801657.060250,1786279.910000,2588773.398750,3470443.787400,3753995.430910,3781548.262838,3784693.355000
dFCFS,0,325000,0.1,292655,32345,9.480000,890108.049500,1743267.406000,2585185.913000,3104172.891600,3557735.382180,3586525.930922,3590436.941000,1022.668000,882894.928000,1738994.328000,2590193.040000,3104042.484600,3558011.456920,3587815.812840,3591447.962000
dFCFS,0,350000,0.1,314889,35111,6.159000,990856.150000,1937136.180000,2879954.342000,3443935.439400,3788793.286120,3823300.066664,3830297.425000,1010.294000,983386.498500,1932970.298000,2883069.555500,3451663.730000,3791435.735800,3825454.854820,3829182.937000
dFCFS,0,375000,0.1,337510,37490,20.226000,1049590.716250,2087034.498500,5026276.375250,5173196.743300,5260368.564090,5269272.154573,5274279.991000,1025.585000,1059992.987500,2092481.290500,5027967.849250,5172088.792500,5260312.350270,5269132.337089,5275216.724000
dFCFS,0,0,0.5,0,0,0.000000,0.000000,0.000000,0.000000,0.000000,0.000000,0.000000,0.000000,0.000000,0.000000,0.000000,0.000000,0.000000,0.000000,0.000000,0.000000
dFCFS,0,25000,0.5,12605,12395,9.928000,161957.419000,318168.590000,473073.557000,569407.591200,624274.876080,628406.812524,629277.773000,1010.147000,160513.379000,316798.277000,473139.552000,568134.431400,624319.012820,629383.498344,630260.704000
dFCFS,0,50000,0.5,25046,24954,12.531000,561536.023750,1126989.734000,1674911.952250,2025052.897000,2236944.769200,2259914.499250,2262150.574000,1008.171000,568877.050250,1134916.164000,1698301.602000,2036265.195500,2240049.473360,2260857.977970,2265169.927000
dFCFS,0,75000,0.5,37376,37624,10.359000,997576.370750,1995357.884000,2977557.088000,3552827.846500,3906924.137250,3941156.907500,3943596.121000,1013.165000,987956.927500,1978458.375000,2966829.129000,3553047.901400,3906028.210700,3941217.537574,3945110.217000
dFCFS,0,100000,0.5,49928,50072,21.176000,1373979.168250,2751743.443500,4825611.458750,5102869.876000,5179289.444410,5187088.162176,5192341.028000,1017.762000,1396411.285250,2787073.650000,4845778.753250,5103775.556000,5179849.576710,5187405.874357,5193559.704000
cFCFS,500,0,0,0,0,0.000000,0.000000,0.000000,0.000000,0.000000,0.000000,0.000000,0.000000,0.000000,0.000000,0.000000,0.000000,0.000000,0.000000,0.000000,0.000000
cFCFS,500,25000,0,25000,0,5.637000,10.785000,12.681500,14.465000,20.624100,43.928210,425.289781,562.085000,0.000000,0.000000,0.000000,0.000000,0.000000,0.000000,0.000000,0.000000
cFCFS,500,50000,0,50000,0,3.973000,9.963000,11.921000,13.992000,21.327100,43.304050,141.281462,5285.244000,0.000000,0.000000,0.000000,0.000000,0.000000,0.000000,0.000000,0.000000
cFCFS,500,75000,0,75000,0,3.883000,10.220000,12.366000,15.142000,24.776000,296.652730,716.879149,3054.080000,0.000000,0.000000,0.000000,0.000000,0.000000,0.000000,0.000000,0.000000
cFCFS,500,100000,0,100000,0,3.978000,10.588000,13.015000,16.489000,24.140200,121.419930,756.266159,6310.150000,0.000000,0.000000,0.000000,0.000000,0.000000,0.000000,0.000000,0.000000
cFCFS,500,125000,0,125000,0,4.630000,11.160000,13.986000,18.072250,26.485100,357.028140,863.990917,2947.304000,0.000000,0.000000,0.000000,0.000000,0.000000,0.000000,0.000000,0.000000
cFCFS,500,150000,0,150000,0,3.942000,11.666000,15.284500,20.781000,33.578100,416.700800,1131.102062,6075.558000,0.000000,0.000000,0.000000,0.000000,0.000000,0.000000,0.000000,0.000000
cFCFS,500,175000,0,175000,0,3.787000,11.929000,15.885000,21.409000,31.080000,178.113010,534.382190,2870.782000,0.000000,0.000000,0.000000,0.000000,0.000000,0.000000,0.000000,0.000000
cFCFS,500,200000,0,200000,0,3.749000,12.587000,17.760000,24.856000,44.484000,547.982810,1859.528302,2250.903000,0.000000,0.000000,0.000000,0.000000,0.000000,0.000000,0.000000,0.000000
cFCFS,500,225000,0,225000,0,3.684000,12.764000,18.460000,25.916000,45.523100,741.586600,1537.260119,5977.112000,0.000000,0.000000,0.000000,0.000000,0.000000,0.000000,0.000000,0.000000
cFCFS,500,250000,0,250000,0,4.523000,12.569000,18.479000,25.560250,36.788100,391.903080,878.561249,7152.461000,0.000000,0.000000,0.000000,0.000000,0.000000,0.000000,0.000000,0.000000
cFCFS,500,275000,0,275000,0,3.921000,12.936000,19.968000,28.839000,62.436400,1712.429600,2515.947884,4113.635000,0.000000,0.000000,0.000000,0.000000,0.000000,0.000000,0.000000,0.000000
cFCFS,500,300000,0,300000,0,3.709000,13.008000,20.659000,30.168000,59.330400,1354.127660,2301.874277,5907.612000,0.000000,0.000000,0.000000,0.000000,0.000000,0.000000,0.000000,0.000000
cFCFS,500,325000,0,325000,0,4.734000,13.443000,21.751000,31.731000,78.576000,987.589000,2338.683076,7039.414000,0.000000,0.000000,0.000000,0.000000,0.000000,0.000000,0.000000,0.000000
cFCFS,500,350000,0,350000,0,3.925000,14.423000,23.959000,36.296000,138.628800,2621.729580,3754.975117,7144.500000,0.000000,0.000000,0.000000,0.000000,0.000000,0.000000,0.000000,0.000000
cFCFS,500,375000,0,375000,0,3.751000,15.147000,25.188000,37.881000,89.759500,877.609020,1524.350106,6073.027000,0.000000,0.000000,0.000000,0.000000,0.000000,0.000000,0.000000,0.000000
cFCFS,500,400000,0,400000,0,3.635000,15.480000,25.843000,37.981250,69.576000,912.430440,1324.388666,6167.253000,0.000000,0.000000,0.000000,0.000000,0.000000,0.000000,0.000000,0.000000
cFCFS,500,425000,0,425000,0,4.181000,17.042000,29.252500,45.182000,168.414200,1956.085560,3870.595041,5889.282000,0.000000,0.000000,0.000000,0.000000,0.000000,0.000000,0.000000,0.000000
cFCFS,500,450000,0,450000,0,4.734000,18.914000,33.143000,57.131500,405.201000,1983.405280,2557.828223,6006.744000,0.000000,0.000000,0.000000,0.000000,0.000000,0.000000,0.000000,0.000000
cFCFS,500,475000,0,475000,0,4.700000,19.649000,33.443000,57.532000,531.239500,3405.254390,4408.796131,6896.679000,0.000000,0.000000,0.000000,0.000000,0.000000,0.000000,0.000000,0.000000
cFCFS,500,500000,0,500000,0,3.883000,22.483000,39.591000,74.305000,505.894000,1818.182480,3306.974181,7292.347000,0.000000,0.000000,0.000000,0.000000,0.000000,0.000000,0.000000,0.000000
cFCFS,500,0,0.01,0,0,0.000000,0.000000,0.000000,0.000000,0.000000,0.000000,0.000000,0.000000,0.000000,0.000000,0.000000,0.000000,0.000000,0.000000,0.000000,0.000000
cFCFS,500,25000,0.01,24770,230,4.752000,10.701000,12.495500,14.165000,17.802300,44.544920,174.529630,470.445000,1006.175000,1009.828500,1011.994000,1015.434750,1032.826300,1083.699310,1199.731942,1232.571000
cFCFS,500,50000,0.01,49499,501,4.335000,9.910000,11.984000,14.771000,29.743000,2924.824100,3637.334240,6351.962000,1004.993000,1009.636000,1011.929000,1021.692000,1038.474000,4106.529000,4589.834000,4634.501000
cFCFS,500,75000,0.01,74246,754,3.887000,9.980000,12.314000,15.940000,27.936000,141.943150,621.298755,2523.864000,1003.997000,1009.521750,1012.120000,1021.748750,1040.805800,1212.899340,1485.270754,1578.328000
cFCFS,500,100000,0.01,98978,1022,4.528000,10.635250,13.379000,17.403000,26.697000,452.141970,1382.828598,5875.016000,1004.600000,1010.147250,1013.161000,1020.939000,1043.053700,1681.936780,2244.063392,2840.934000
cFCFS,500,125000,0.01,123781,1219,3.762000,11.102000,14.570000,19.842000,33.283000,1070.039400,2477.163280,4459.136000,1004.575000,1010.777500,1014.926000,1024.635000,1049.082400,2248.849900,4817.250842,5466.365000
cFCFS,500,150000,0.01,148513,1487,3.974000,11.666000,15.969000,22.070000,37.007400,606.540080,1955.921736,4551.091000,1004.133000,1011.379500,1016.999000,1027.381000,1061.975000,1829.027800,2873.866686,2937.165000
cFCFS,500,175000,0.01,173249,1751,3.824000,12.023000,17.052000,23.325000,34.798200,243.427720,1056.157832,6047.016000,1004.532000,1011.852000,1018.204000,1029.125000,1070.447000,1417.234000,2076.365750,3070.160000
cFCFS,500,200000,0.01,197969,2031,4.007000,12.741000,18.762000,26.011000,40.758000,383.782240,830.236360,2650.791000,1003.863000,1012.902500,1020.083000,1031.298500,1087.480000,1522.824900,3439.126310,6669.707000
cFCFS,500,225000,0.01,222746,2254,4.406000,13.922000,21.447000,30.763000,58.672000,831.639150,2369.676395,6074.031000,1003.990000,1014.335500,1023.515500,1041.188500,1131.706700,2157.015360,3262.979347,3578.386000
cFCFS,500,250000,0.01,247490,2510,4.453000,15.161000,23.841000,36.726000,97.470200,1865.515110,2793.966779,6073.790000,1003.819000,1015.893250,1025.873500,1055.286750,1199.907500,2983.461770,4271.126745,5992.999000
cFCFS,500,275000,0.01,272261,2739,4.342000,16.013000,25.627000,40.908000,102.650000,708.076000,1018.904680,6216.467000,1003.514000,1017.111000,1028.610000,1070.464000,1194.172400,1821.349820,3893.525298,7801.516000
cFCFS,500,300000,0.01,296926,3074,4.356000,18.052000,29.964000,58.760500,180.185000,1145.575500,1628.368125,6179.730000,1003.712000,1020.160500,1035.401000,1105.425500,1296.881100,2280.552290,3313.199851,5850.000000
cFCFS,500,325000,0.01,321761,3239,4.309000,18.596000,30.659000,61.825000,220.687000,2472.717400,4140.077400,6146.144000,1003.638000,1020.605500,1035.739000,1115.554000,1372.603600,4006.576580,5157.461688,5745.855000
cFCFS,500,350000,0.01,346567,3433,4.256000,21.549000,36.902000,107.013500,391.793200,1611.846480,2382.725558,7299.771000,1003.790000,1024.076000,1046.923000,1200.657000,1521.663200,2741.476920,4301.691904,8129.629000
cFCFS,500,375000,0.01,371230,3770,4.324000,25.267000,45.688000,162.822500,488.866000,1530.255140,1869.608841,6395.224000,1003.465000,1028.878500,1074.712000,1265.092000,1668.317100,2666.750470,4420.087210,7244.328000
cFCFS,500,400000,0.01,396058,3942,3.554000,34.934250,89.688000,302.591500,757.859800,1888.022180,2721.607569,6572.451000,1003.688000,1039.541750,1124.884000,1420.946750,1946.488600,3125.823190,4093.466515,7439.936000
cFCFS,500,425000,0.01,420773,4227,3.830000,60.341000,271.756000,1051.946000,2413.062600,4924.807960,5347.472916,6381.013000,1003.795000,1088.190000,1357.776000,2174.103500,3513.932600,5990.795660,6908.400236,8338.909000
cFCFS,500,450000,0.01,445484,4516,4.470000,212.416000,822.566000,1958.714750,3073.473700,4319.789840,4802.242503,8549.738000,1004.555000,1263.085250,1893.485000,3009.507000,4117.464000,5374.222050,6025.947525,7607.526000
cFCFS,500,475000,0.01,470181,4819,4.585000,8814.270000,16721.554000,25876.926000,31396.068000,36187.263200,36396.796500,39117.023000,1004.875000,9772.431000,17576.723000,26885.979500,32443.171800,37199.232740,37523.031816,37986.296000
cFCFS,500,500000,0.01,495089,4911,4.548000,22549.314000,39786.161000,56088.930000,65213.268400,70603.913560,70887.013976,72116.535000,1006.000000,22755.368500,40591.043000,56677.159000,67020.872000,71643.695500,72151.653870,73488.094000
cFCFS,500,0,0.1,0,0,0.000000,0.000000,0.000000,0.000000,0.000000,0.000000,0.000000,0.000000,0.000000,0.000000,0.000000,0.000000,0.000000,0.000000,0.000000,0.000000
cFCFS,500,25000,0.1,22550,2450,4.868000,9.647000,11.336000,13.478000,22.988700,52.702610,218.963239,1333.942000,1004.169000,1008.885250,1011.079000,1016.396750,1036.858400,1236.609020,1460.398602,4484.318000
cFCFS,500,50000,0.1,44935,5065,4.712000,9.841000,12.929000,22.008500,60.699400,274.100660,471.139564,2203.800000,1003.936000,1009.494000,1014.086000,1044.560000,1151.355200,1414.680440,1561.350544,2064.256000
cFCFS,500,75000,0.1,67424,7576,4.523000,21.299500,169.784000,508.995250,887.814600,3529.740840,4887.701592,5169.237000,1003.521000,1039.131500,1239.922500,1568.344000,1950.113500,4507.358000,5904.754025,7000.667000
cFCFS,500,100000,0.1,89883,10117,5.711000,46154.878500,100032.040000,154346.601000,184872.515200,202258.142780,204005.625440,206666.170000,1009.232000,47489.247000,98687.381000,155256.010000,185922.114000,203452.212600,205118.078756,205538.078000
cFCFS,500,125000,0.1,112621,12379,6.295000,112067.274000,229950.389000,342233.258000,418895.593000,464923.022400,469021.240280,470134.340000,1007.392000,114028.288000,231877.825000,344622.484000,420006.457000,465570.144660,470195.844136,470719.718000
cFCFS,500,150000,0.1,134911,15089,6.785000,190520.001500,382868.177000,576488.886000,696018.072000,766998.100300,774624.265600,777932.383000,1010.187000,192055.021000,386450.903000,581025.924000,698132.071800,768427.595160,775968.888368,776767.101000
cFCFS,500,175000,0.1,157496,17504,10.845000,264360.474750,531395.965000,798767.937500,964590.101000,1066369.211550,1076892.315785,1077928.595000,1004.984000,265407.425500,532604.387500,803353.533750,969320.190800,1067787.932070,1077698.753236,1078749.581000
cFCFS,500,200000,0.1,180159,19841,5.724000,323682.777000,665906.979000,1002294.117000,1211080.012400,1332519.490440,1345135.627062,1347083.792000,1007.870000,335398.096000,676783.940000,1011612.096000,1214327.048000,1334536.858400,1346732.292640,1350194.056000
cFCFS,500,225000,0.1,202528,22472,8.361000,423589.489250,826871.011500,1247545.655500,1499365.839600,1646515.258870,1661446.246580,1663192.622000,1010.499000,419377.611750,829249.704000,1250630.423750,1501438.950100,1648218.693680,1662656.893263,1664097.170000
cFCFS,500,250000,0.1,225011,24989,5.830000,489915.805000,981904.798000,1467861.014500,1757709.617000,1930944.974500,1948665.640060,1952663.265000,1021.196000,491330.135000,980353.318000,1465733.670000,1757377.240600,1932754.691320,1950020.679788,1951838.027000
cFCFS,500,275000,0.1,247511,27489,9.004000,555686.480000,1119656.495000,1692848.598500,2025059.015000,2239557.033100,2258929.678380,2260947.438000,1026.533000,561089.788000,1129378.529000,1695788.215000,2030530.704000,2238688.446240,2259648.689464,2261835.862000
cFCFS,500,300000,0.1,270028,29972,15.062000,630988.787500,1242343.276000,1902827.293250,2287629.061100,2512755.863640,2535853.771940,2540959.473000,1020.347000,634790.736500,1269683.440000,1907251.239250,2289234.989900,2514547.348530,2537050.517405,2539848.746000
cFCFS,500,325000,0.1,292954,32046,6.174000,700904.461500,1402792.249500,2092365.658000,2513504.871500,2773950.448860,2797667.449742,2801030.046000,1011.539000,703969.881250,1402851.704500,2097627.540750,2519740.021500,2774099.436000,2799128.040610,2801936.277000
cFCFS,500,350000,0.1,315254,34746,12.256000,791149.401500,1556644.825000,2323830.746750,2808344.211900,3082364.984230,3108629.637645,3112525.114000,1040.717000,785206.937250,1559331.515000,2332237.822750,2800869.794000,3081554.324400,3108410.320140,3111406.650000
cFCFS,500,375000,0.1,337599,37401,8.160000,869142.419500,1718899.782000,2573953.151500,3093158.032800,3396225.260300,3426984.249852,3429653.516000,1006.409000,866411.298000,1721481.165000,2573513.810000,3088544.548000,3397086.941000,3427490.954000,3431003.629000
cFCFS,500,400000,0.1,359867,40133,5.663000,947366.455000,1868436.065000,2806240.385000,3353774.351800,3696613.349760,3730798.851984,3735963.212000,1004.018000,943652.011000,1874069.585000,2804376.264000,3365298.490800,3698648.739360,3731626.005036,3735132.815000
cFCFS,500,425000,0.1,382598,42402,12.852000,1022023.275750,2047557.436000,3022453.960000,3619904.402300,3969760.731270,4007388.409728,4012447.228000,1048.966000,1009534.163750,2015419.285500,3012052.143750,3612056.779100,3972026.199310,4009222.793583,4013353.417000
cFCFS,500,450000,0.1,405228,44772,6.468000,1083600.846000,2161288.142500,3225531.713750,3858554.876300,4244409.620230,4279351.095630,4284379.846000,1004.304000,1077305.145250,2148881.058000,3218594.449500,3857104.189100,4241818.991470,4279666.741905,4283927.810000
cFCFS,500,475000,0.1,427312,47688,12.452000,1156758.144250,2311220.073000,3464193.735750,4163060.299000,4579855.897050,4619634.107730,4624214.760000,1010.545000,1159222.667500,2312672.441000,3468716.274750,4160701.077300,4578194.795930,4620644.223247,4625168.356000
cFCFS,500,500000,0.1,449754,50246,21.428000,1245239.631000,2491599.678500,3721720.247500,4443137.280800,4875946.607960,4920193.807667,4927212.302000,1044.149000,1234929.061500,2467441.855500,3704442.396250,4438071.013500,4877459.015400,4921589.753245,4926784.123000
cFCFS,500,0,0.5,0,0,0.000000,0.000000,0.000000,0.000000,0.000000,0.000000,0.000000,0.000000,0.000000,0.000000,0.000000,0.000000,0.000000,0.000000,0.000000,0.000000
cFCFS,500,25000,0.5,12442,12558,10.684000,100170.799000,189251.347500,284262.566750,352160.716600,384250.384260,387993.721843,388223.687000,1007.348000,97565.157500,190267.944500,286833.413250,351380.694900,385179.063570,388870.926811,389242.686000
cFCFS,500,50000,0.5,25092,24908,12.488000,444549.197500,884800.925500,1323641.236750,1595498.754200,1750924.197040,1764552.913596,1768308.802000,1009.691000,438417.374000,881212.517500,1323334.008500,1590133.812800,1749966.451190,1765524.873057,1767277.665000
cFCFS,500,75000,0.5,37612,37388,11.756000,767093.230000,1560765.104000,2346607.418750,2815360.340600,3094548.164550,3126542.774773,3129949.340000,1014.795000,767776.333000,1556601.476000,2349774.071250,2819032.384000,3098875.940280,3127666.987660,3130952.822000
cFCFS,500,100000,0.5,50117,49883,10.335000,1110392.429000,2270592.690000,3391871.524000,4062340.783400,4469496.597240,4512080.455736,4521718.489000,1015.225000,1126023.825000,2257686.622000,3391756.718000,4069254.277200,4475826.751720,4515562.050774,4520272.102000
cFCFS,500,125000,0.5,62610,62390,13.835000,1436661.866000,2926864.379000,4379904.662250,5038921.270800,5114924.239060,5143160.593923,5149342.970000,1016.540000,1431265.984500,2907921.331000,4370670.229500,5036552.432500,5114800.925100,5144627.644676,5150291.622000
cfs,0,0,0,0,0,0.000000,0.000000,0.000000,0.000000,0.000000,0.000000,0.000000,0.000000,0.000000,0.000000,0.000000,0.000000,0.000000,0.000000,0.000000,0.000000
cfs,0,25000,0,25000,0,5.265000,10.331750,12.957000,24.245750,29.831600,61.575260,180.394204,1001.354000,0.000000,0.000000,0.000000,0.000000,0.000000,0.000000,0.000000,0.000000
cfs,0,50000,0,50000,0,4.260000,9.051000,11.280000,15.532250,34.985100,70.368160,243.606313,4219.217000,0.000000,0.000000,0.000000,0.000000,0.000000,0.000000,0.000000,0.000000
cfs,0,75000,0,75000,0,3.776000,8.872750,10.992000,14.797000,39.372200,82.519210,221.517357,2539.201000,0.000000,0.000000,0.000000,0.000000,0.000000,0.000000,0.000000,0.000000
cfs,0,100000,0,100000,0,4.682000,8.284000,9.946000,12.960000,20.734100,309.236390,1232.209090,5958.676000,0.000000,0.000000,0.000000,0.000000,0.000000,0.000000,0.000000,0.000000
cfs,0,125000,0,125000,0,4.018000,8.536000,10.694000,14.467000,26.698100,437.276340,1048.974098,4530.724000,0.000000,0.000000,0.000000,0.000000,0.000000,0.000000,0.000000,0.000000
cfs,0,150000,0,150000,0,3.715000,8.616000,11.230000,15.619000,28.729200,145.948280,989.357323,2879.731000,0.000000,0.000000,0.000000,0.000000,0.000000,0.000000,0.000000,0.000000
cfs,0,175000,0,175000,0,3.963000,8.695000,11.615500,16.064000,30.280000,617.113450,1583.397367,6662.919000,0.000000,0.000000,0.000000,0.000000,0.000000,0.000000,0.000000,0.000000
cfs,0,200000,0,200000,0,4.273000,8.966000,12.473000,17.969000,33.564300,580.529040,2302.397444,6177.328000,0.000000,0.000000,0.000000,0.000000,0.000000,0.000000,0.000000,0.000000
cfs,0,225000,0,225000,0,3.736000,9.330000,13.511000,20.750000,38.997000,789.201090,2431.919144,7988.986000,0.000000,0.000000,0.000000,0.000000,0.000000,0.000000,0.000000,0.000000
cfs,0,250000,0,250000,0,3.640000,9.852000,14.701000,23.141000,45.239100,965.447890,4296.236412,11593.213000,0.000000,0.000000,0.000000,0.000000,0.000000,0.000000,0.000000,0.000000
cfs,0,275000,0,275000,0,3.683000,10.375000,15.803000,24.880000,55.490500,1760.226140,2429.561163,10476.398000,0.000000,0.000000,0.000000,0.000000,0.000000,0.000000,0.000000,0.000000
cfs,0,300000,0,300000,0,3.855000,11.451000,20.607000,41.505000,104.551000,2826.183350,4784.899349,11077.983000,0.000000,0.000000,0.000000,0.000000,0.000000,0.000000,0.000000,0.000000
cfs,0,325000,0,325000,0,4.115000,11.328000,18.552000,30.913000,66.611500,893.479430,2662.175066,15159.101000,0.000000,0.000000,0.000000,0.000000,0.000000,0.000000,0.000000,0.000000
cfs,0,350000,0,350000,0,4.209000,12.263000,20.826000,35.146000,85.290200,621.566290,1289.256843,15604.224000,0.000000,0.000000,0.000000,0.000000,0.000000,0.000000,0.000000,0.000000
cfs,0,375000,0,375000,0,4.557000,13.381000,24.546000,45.651250,114.767100,845.793290,1260.403149,15573.410000,0.000000,0.000000,0.000000,0.000000,0.000000,0.000000,0.000000,0.000000
cfs,0,400000,0,400000,0,3.965000,13.833000,24.316500,41.803000,102.321000,658.221020,958.938013,15351.099000,0.000000,0.000000,0.000000,0.000000,0.000000,0.000000,0.000000,0.000000
cfs,0,425000,0,425000,0,3.762000,16.714750,32.348000,73.543000,376.809400,3093.951450,4023.142323,16416.267000,0.000000,0.000000,0.000000,0.000000,0.000000,0.000000,0.000000,0.000000
cfs,0,450000,0,450000,0,4.551000,17.401000,33.505000,70.131250,270.902500,2334.631960,4203.372060,27616.750000,0.000000,0.000000,0.000000,0.000000,0.000000,0.000000,0.000000,0.000000
cfs,0,475000,0,475000,0,3.728000,22.137000,44.631000,125.523250,497.633400,2646.050050,3893.909234,15443.078000,0.000000,0.000000,0.000000,0.000000,0.000000,0.000000,0.000000,0.000000
cfs,0,500000,0,500000,0,4.599000,2563.493250,6785.183000,12861.152250,15703.679400,17411.708850,19097.927201,33872.341000,0.000000,0.000000,0.000000,0.000000,0.000000,0.000000,0.000000,0.000000
cfs,0,0,0.01,0,0,0.000000,0.000000,0.000000,0.000000,0.000000,0.000000,0.000000,0.000000,0.000000,0.000000,0.000000,0.000000,0.000000,0.000000,0.000000,0.000000
cfs,0,25000,0.01,24748,252,4.985000,10.193000,12.369000,15.933000,28.931600,56.621060,130.533682,369.741000,1004.334000,1009.265750,1011.440500,1015.339500,1030.176800,1085.288660,1224.093309,1240.268000
cfs,0,50000,0.01,49474,526,4.729000,8.968000,11.168000,16.169000,35.296000,82.856250,268.538091,1448.282000,1004.758000,1007.837000,1010.254000,1015.430000,1034.419000,1072.217000,1256.905075,1290.640000
cfs,0,75000,0.01,74163,837,3.879000,8.765000,10.950000,14.691000,38.179600,95.329120,751.722768,6172.837000,1004.435000,1007.823000,1010.247000,1014.312000,1037.285600,1204.514960,1668.644884,1783.579000
cfs,0,100000,0.01,99005,995,4.508000,8.259000,10.200000,13.104000,18.425000,68.862560,265.614584,4796.348000,1003.566000,1007.305500,1009.238000,1012.313000,1016.906400,1077.186380,1406.395356,2644.150000
cfs,0,125000,0.01,123748,1252,4.124000,8.366000,10.742000,13.914000,19.196300,96.372610,350.105951,3591.429000,1003.614000,1007.401250,1009.597000,1013.267250,1020.459900,1178.885640,1635.468203,6025.536000
cfs,0,150000,0.01,148500,1500,4.490000,8.726000,12.033000,16.775000,27.135100,268.686680,693.032452,3354.337000,1003.810000,1007.767750,1010.995500,1016.471000,1027.879500,1257.573620,1740.944973,2239.042000
cfs,0,175000,0.01,173344,1656,4.397000,9.354000,13.254000,19.036000,32.358400,383.430120,1136.679171,5957.862000,1003.660000,1008.555000,1012.462500,1019.283000,1043.939500,1574.342850,2376.643300,2735.824000
cfs,0,200000,0.01,197959,2041,4.127000,10.041000,14.776000,21.963000,43.164000,2622.025680,4891.214900,7422.956000,1003.940000,1009.024000,1014.440000,1023.256000,1056.211000,3746.450200,5678.489000,6603.554000
cfs,0,225000,0.01,222690,2310,3.964000,10.968000,16.899000,26.178000,68.466300,572.591050,1249.485215,10001.849000,1003.596000,1010.546500,1016.363500,1025.770250,1074.191800,1555.270220,3596.964849,6530.843000
cfs,0,250000,0.01,247455,2545,4.410000,11.980000,18.944000,30.679000,98.374000,607.109360,1230.126134,8133.050000,1003.720000,1011.167000,1018.709000,1030.467000,1102.279400,1617.201240,6723.094992,7940.587000
cfs,0,275000,0.01,272244,2756,3.908000,13.961000,24.263000,60.375000,308.283100,2289.707840,3415.935143,17199.645000,1003.606000,1012.903250,1024.041000,1062.188750,1312.493500,3148.421000,5664.198735,6502.386000
cfs,0,300000,0.01,296956,3044,4.360000,17.321000,33.410000,168.730750,419.241500,1084.620200,1827.080365,10322.900000,1003.543000,1016.727500,1033.085500,1159.567250,1440.021400,2169.795380,4024.186356,5988.139000
cfs,0,325000,0.01,321712,3288,4.383000,24.407750,96.378000,450.478500,1081.988200,3726.856560,5087.090796,13112.909000,1003.577000,1023.933250,1097.164000,1466.525250,2125.426400,4597.100990,6303.471613,6922.711000
cfs,0,350000,0.01,346512,3488,4.364000,49.660000,365.626000,873.783000,1654.406900,3777.423390,5202.060059,16812.354000,1003.703000,1049.182750,1364.346500,1858.468750,2611.362800,4781.443830,6404.100606,7793.992000
cfs,0,375000,0.01,371327,3673,4.489000,740.183000,2092.269000,4331.623500,5876.912800,7138.272160,7534.985246,17457.343000,1003.720000,1717.854000,3047.303000,5285.662000,6799.719800,8104.512680,8575.078768,10053.603000
cfs,0,400000,0.01,396076,3924,5.632000,11588.019500,15312.094000,20096.044000,25875.326500,31275.280750,32127.372575,43877.069000,1011.171000,12465.058000,16143.862500,20976.150750,26793.309100,32156.871580,33115.539196,34398.551000
cfs,0,425000,0.01,420834,4166,4.451000,26165.819000,52217.382500,85014.203750,102918.592800,115947.168020,116780.224169,122255.895000,1014.168000,27235.237250,53245.047000,86138.435750,104044.538500,116905.029300,117770.749835,117887.092000
cfs,0,450000,0.01,445590,4410,16.266000,51813.097500,96019.053500,141337.897000,173159.493700,189447.469050,190185.896653,195588.143000,1018.910000,52009.743750,98247.349000,143311.092000,173279.553200,189938.667040,190937.498055,191517.692000
cfs,0,475000,0.01,470371,4629,6.548000,64699.735000,139290.952000,199293.901500,234346.939000,251664.980600,252452.866360,255616.481000,1034.273000,66151.659000,139712.272000,200135.301000,235202.867600,252536.367200,253472.697908,253973.651000
cfs,0,500000,0.01,495033,4967,8.197000,83311.033000,173324.997000,252595.244000,298466.242200,324542.463560,325044.938944,327997.094000,1037.632000,85166.612500,171295.442000,251260.908000,297637.603600,324352.556880,326031.416822,326311.651000
cfs,0,0,0.1,0,0,0.000000,0.000000,0.000000,0.000000,0.000000,0.000000,0.000000,0.000000,0.000000,0.000000,0.000000,0.000000,0.000000,0.000000,0.000000,0.000000
cfs,0,25000,0.1,22440,2560,4.771000,9.651750,11.351000,13.997250,28.397800,144.023880,559.082407,1457.982000,1004.457000,1008.614500,1010.365000,1012.895000,1028.500500,1154.631970,1627.921740,2475.615000
cfs,0,50000,0.1,44987,5013,4.519000,10.865000,19.575000,175.011500,467.588200,1286.396080,2776.233686,10730.276000,1004.069000,1009.834000,1019.322000,1189.547000,1487.711200,2345.872520,5794.545700,14861.631000
cfs,0,75000,0.1,67581,7419,7.364000,35259.539000,76119.989000,124657.101000,155798.427000,169738.022600,170437.027060,182022.195000,1009.330000,37042.041500,77905.408000,125727.645000,155681.776600,170635.556700,171422.324172,182312.814000
cfs,0,100000,0.1,90074,9926,5.123000,149129.636000,293233.624500,424919.652250,507123.240000,560100.708770,562958.674897,568957.191000,1007.586000,149044.386250,290360.047500,424825.779250,506966.788000,559933.823000,563752.301500,564002.309000
cfs,0,125000,0.1,112602,12398,5.751000,233834.756750,449823.296000,681872.622750,836724.651900,931329.369120,938662.552709,942570.540000,1011.595000,238531.665000,460457.007500,692622.936500,843190.261800,932161.604110,940218.748641,951228.848000
cfs,0,150000,0.1,135071,14929,6.440000,348338.496000,681247.488000,1014284.700000,1219768.440000,1337480.930800,1350742.683760,1355941.839000,1011.314000,346797.915000,680807.815000,1017508.791000,1219687.054000,1338857.199800,1351322.054392,1352474.209000
cfs,0,175000,0.1,157566,17434,6.264000,444181.863750,873156.471000,1309858.195500,1583790.833000,1743714.989550,1760414.030855,1764346.802000,1008.467000,442140.818000,878850.308500,1314841.336500,1581907.703500,1744029.468710,1760201.121414,1765220.192000
cfs,0,200000,0.1,180117,19883,6.940000,535809.154000,1080757.192000,1612251.674000,1926025.088800,2118366.196120,2136231.918484,2139374.063000,1009.786000,531072.290000,1067887.912000,1600828.009000,1920963.486600,2118833.011440,2137198.002534,2143545.634000
cfs,0,225000,0.1,202697,22303,5.855000,616176.522000,1256158.826000,1886386.859000,2256315.025200,2487228.602760,2509409.753648,2514308.909000,1005.628000,629910.474000,1259413.090000,1886784.330500,2260790.279200,2487417.204060,2509763.877186,2514330.888000
cfs,0,250000,0.1,225000,25000,5.105000,708075.138500,1439999.982500,2181711.042250,2619725.074500,2875266.628430,2899474.706376,2911314.894000,1004.667000,713152.067250,1447250.193000,2179638.281000,2620100.415200,2880541.965170,2902134.378055,2912773.672000
cfs,0,275000,0.1,247598,27402,10.107000,821923.250500,1596989.751500,2458707.874250,2946838.415400,3251853.614810,3281609.609108,3287031.512000,1027.710000,827440.611500,1617133.772500,2457085.755250,2953005.240500,3253085.832390,3282723.859608,3287568.593000
cfs,0,300000,0.1,270243,29757,6.821000,908285.461000,1839326.187000,2759934.211000,3315815.219600,3641924.334440,3668843.162514,3675883.175000,1004.501000,918569.647000,1850310.449000,2776336.180000,3321053.034000,3638269.337880,3670178.463284,3673936.638000
cfs,0,325000,0.1,292325,32675,6.350000,986446.692000,2028824.068000,3078390.370000,3709228.533000,4088306.935520,4127207.072196,4135095.266000,1021.964000,999791.319500,2048590.254000,3094817.122500,3717510.935000,4091177.500200,4128240.649564,4132323.247000
cfs,0,350000,0.1,315052,34948,23.202000,1125252.575750,2248269.430000,3377583.207000,4045275.490900,4453679.306040,4498123.749585,4503088.309000,1074.652000,1128832.266500,2252780.421500,3378195.162000,4052480.670600,4456644.545360,4497497.337159,4502039.865000
cfs,0,375000,0.1,337776,37224,5.432000,1198682.774000,2440072.805000,3639757.891000,4365723.143500,4797662.345250,4849222.628725,4854533.772000,1017.988000,1206286.043250,2426511.383500,3641723.568250,4368774.595900,4804511.838920,4848704.519562,4853600.814000
cfs,0,400000,0.1,360030,39970,14.580000,1298283.999000,2624215.517000,3940788.653000,4732853.561800,5034818.833670,5042582.664375,5048004.226000,1022.404000,1308764.632250,2633355.261000,3954749.879500,4749451.401200,5035726.235150,5043010.380376,5048266.929000
cfs,0,0,0.5,0,0,0.000000,0.000000,0.000000,0.000000,0.000000,0.000000,0.000000,0.000000,0.000000,0.000000,0.000000,0.000000,0.000000,0.000000,0.000000,0.000000
cfs,0,25000,0.5,12487,12513,10.208000,211015.434500,425385.825000,636670.161500,762721.181400,838532.166300,845806.324464,847109.709000,1008.929000,211948.818000,424747.005000,636131.729000,763518.515000,839086.329440,846343.035720,854667.699000
cfs,0,50000,0.5,24989,25011,12.579000,668542.129000,1343958.909000,2006217.959000,2422932.298200,2656987.915120,2674557.459332,2680156.485000,1010.710000,669931.199000,1337590.414000,2008268.404000,2416690.539000,2659767.047400,2675476.993050,2678211.948000
cfs,0,75000,0.5,37377,37623,16.063000,1157815.624000,2312777.853000,3416653.443000,4085639.878800,4490958.966760,4534880.704952,4539385.573000,1008.532000,1140412.380000,2272574.989000,3404462.809000,4087010.662400,4494076.391280,4535074.831448,4542393.548000
cfs,0,100000,0.5,49853,50147,10.480000,1601740.916000,3198473.889000,4805458.950000,5106008.468400,5183385.038520,5205466.349628,5209772.260000,1010.003000,1597035.421000,3190127.391000,4808493.434500,5104449.771600,5183317.069540,5204112.646354,5212962.473000
