sched_type,preemption_interval_us,throughput,proportion_long_jobs,num_short,num_long,short_0_pct,short_25_pct,short_50_pct,short_75_pct,short_90_pct,short_99_pct,short_99.9_pct,short_100_pct,long_0_pct,long_25_pct,long_50_pct,long_75_pct,long_90_pct,long_99_pct,long_99.9_pct,long_100_pct
dFCFS,0,0,0,0,0,0.000000,0.000000,0.000000,0.000000,0.000000,0.000000,0.000000,0.000000,0.000000,0.000000,0.000000,0.000000,0.000000,0.000000,0.000000,0.000000
dFCFS,0,25000,0,25000,0,4.652000,11.176750,13.636500,27.544250,41.527100,114.287910,362.800261,15389.960000,0.000000,0.000000,0.000000,0.000000,0.000000,0.000000,0.000000,0.000000
dFCFS,0,50000,0,50000,0,3.899000,9.853000,12.149000,15.981250,46.728200,89.418520,378.884500,5884.893000,0.000000,0.000000,0.000000,0.000000,0.000000,0.000000,0.000000,0.000000
dFCFS,0,75000,0,75000,0,4.598000,9.741750,12.139000,15.598250,49.543600,229.759280,5066.949726,5885.255000,0.000000,0.000000,0.000000,0.000000,0.000000,0.000000,0.000000,0.000000
dFCFS,0,100000,0,100000,0,4.559000,10.104000,12.616000,16.409000,33.428400,138.923520,675.470945,2829.527000,0.000000,0.000000,0.000000,0.000000,0.000000,0.000000,0.000000,0.000000
dFCFS,0,125000,0,125000,0,4.170000,10.537000,13.286000,18.090250,31.960000,147.830590,566.754163,58988.619000,0.000000,0.000000,0.000000,0.000000,0.000000,0.000000,0.000000,0.000000
dFCFS,0,150000,0,150000,0,4.419000,10.887000,14.089000,20.192250,38.120100,551.991160,1542.711948,7256.383000,0.000000,0.000000,0.000000,0.000000,0.000000,0.000000,0.000000,0.000000
dFCFS,0,175000,0,175000,0,4.769000,11.399000,15.178000,22.294000,41.090000,614.702440,1269.244268,5956.511000,0.000000,0.000000,0.000000,0.000000,0.000000,0.000000,0.000000,0.000000
dFCFS,0,200000,0,200000,0,4.234000,11.791000,16.220500,24.689000,43.878100,602.600380,1092.302811,10925.025000,0.000000,0.000000,0.000000,0.000000,0.000000,0.000000,0.000000,0.000000
dFCFS,0,225000,0,225000,0,4.046000,12.312000,17.948000,29.167000,50.923200,834.398870,1356.627488,26918.022000,0.000000,0.000000,0.000000,0.000000,0.000000,0.000000,0.000000,0.000000
dFCFS,0,250000,0,250000,0,4.363000,12.474000,19.079000,32.682000,63.034300,1844.920730,4045.109677,20928.419000,0.000000,0.000000,0.000000,0.000000,0.000000,0.000000,0.000000,0.000000
dFCFS,0,275000,0,275000,0,4.599000,12.968000,20.937000,36.856000,82.424800,2390.995950,3766.374913,17080.221000,0.000000,0.000000,0.000000,0.000000,0.000000,0.000000,0.000000,0.000000
dFCFS,0,300000,0,300000,0,4.174000,12.752000,21.377000,37.381000,69.280600,1007.204540,1316.731155,18860.607000,0.000000,0.000000,0.000000,0.000000,0.000000,0.000000,0.000000,0.000000
dFCFS,0,325000,0,325000,0,3.680000,13.643000,24.148500,43.135250,91.565400,2349.047110,4395.821696,77115.976000,0.000000,0.000000,0.000000,0.000000,0.000000,0.000000,0.000000,0.000000
dFCFS,0,350000,0,350000,0,4.416000,14.894000,27.341000,51.280000,212.304400,2514.139550,3832.765588,140943.767000,0.000000,0.000000,0.000000,0.000000,0.000000,0.000000,0.000000,0.000000
dFCFS,0,375000,0,375000,0,3.878000,15.805000,29.495000,55.071500,209.565700,2629.508160,4091.096044,133851.249000,0.000000,0.000000,0.000000,0.000000,0.000000,0.000000,0.000000,0.000000
dFCFS,0,400000,0,400000,0,4.739000,20.724000,42.456000,100.253250,759.757300,2737.427420,3712.765028,123733.103000,0.000000,0.000000,0.000000,0.000000,0.000000,0.000000,0.000000,0.000000
dFCFS,0,425000,0,425000,0,4.478000,22.159750,45.183500,105.078000,901.659700,3812.639220,4550.878779,95953.770000,0.000000,0.000000,0.000000,0.000000,0.000000,0.000000,0.000000,0.000000
dFCFS,0,450000,0,450000,0,3.994000,110.046000,482.948000,2078.630750,7981.868100,9819.652250,10619.619113,111952.846000,0.000000,0.000000,0.000000,0.000000,0.000000,0.000000,0.000000,0.000000
dFCFS,0,475000,0,475000,0,5.656000,4840.309750,14204.123500,30172.015500,31906.364700,33918.767020,34206.967164,116939.997000,0.000000,0.000000,0.000000,0.000000,0.000000,0.000000,0.000000,0.000000
dFCFS,0,500000,0,500000,0,10.070000,9371.091500,19468.532500,26567.945750,29363.447000,32385.304550,32706.192041,125225.541000,0.000000,0.000000,0.000000,0.000000,0.000000,0.000000,0.000000,0.000000
dFCFS,0,0,0.01,0,0,0.000000,0.000000,0.000000,0.000000,0.000000,0.000000,0.000000,0.000000,0.000000,0.000000,0.000000,0.000000,0.000000,0.000000,0.000000,0.000000
dFCFS,0,25000,0.01,24758,242,4.940000,10.756000,13.366500,34.093750,40.767300,70.930980,237.690673,2720.230000,1005.485000,1009.868250,1012.654000,1033.164500,1040.508400,1072.784980,1086.236608,1088.047000
dFCFS,0,50000,0.01,49481,519,4.501000,9.639000,12.125000,16.829000,46.622000,298.596200,546.205760,2175.246000,1005.416000,1009.046500,1011.595000,1016.850000,1046.169800,1310.671920,1573.254442,1639.186000
dFCFS,0,75000,0.01,74224,776,4.314000,9.783000,12.249000,15.912000,46.933700,94.485420,306.830894,2205.378000,1004.163000,1008.971750,1011.354500,1015.500750,1047.201000,1155.663750,1318.390100,1468.210000
dFCFS,0,100000,0.01,99040,960,4.069000,10.289000,12.833000,16.886000,34.258800,196.621450,672.595328,3140.482000,1004.214000,1009.436500,1011.992000,1015.805250,1045.145300,1300.440940,2013.999604,4422.858000
dFCFS,0,125000,0.01,123824,1176,3.964000,10.825000,13.797000,18.650250,33.853400,395.606030,877.076368,4815.544000,1004.057000,1010.098750,1013.117000,1018.482000,1041.556500,1487.131500,5742.211575,6794.167000
dFCFS,0,150000,0.01,148523,1477,3.976000,11.379000,15.214000,21.326000,38.863800,724.181020,1569.416206,3279.496000,1003.695000,1010.354000,1014.564000,1021.015000,1049.353400,1708.755000,3087.388096,6739.653000
dFCFS,0,175000,0.01,173329,1671,4.494000,11.951000,16.718000,24.046000,39.539600,486.050680,1208.510968,2934.488000,1004.048000,1010.532000,1015.635000,1022.666500,1040.827000,1467.296700,3547.252790,6561.430000
dFCFS,0,200000,0.01,198033,1967,4.198000,12.591000,18.188000,26.400000,42.753000,636.443840,1519.146000,11276.739000,1003.931000,1011.808000,1017.261000,1026.456000,1044.574600,1524.794640,2562.761418,6550.001000
dFCFS,0,225000,0.01,222828,2172,3.918000,12.390750,18.943000,29.154000,63.628700,991.788610,2341.473474,57659.559000,1003.833000,1011.248000,1017.812500,1029.178250,1078.149100,2109.084740,3247.662611,4383.824000
dFCFS,0,250000,0.01,247485,2515,4.322000,13.281000,21.018000,33.564000,126.282800,1518.480760,2295.520024,38866.401000,1003.521000,1012.783500,1020.606000,1034.156000,1182.970600,2671.631340,3392.235806,6612.361000
dFCFS,0,275000,0.01,272243,2757,4.372000,15.937500,25.919000,45.041000,235.738400,1777.182840,2326.107210,33619.535000,1003.630000,1015.006000,1024.938000,1044.176000,1238.268200,2829.779480,3374.958288,7498.224000
dFCFS,0,300000,0.01,297001,2999,4.360000,16.924000,28.895000,68.706000,397.552000,2185.879000,3632.703000,78379.143000,1003.719000,1015.967500,1028.356000,1067.069500,1404.087800,3407.874800,5848.236566,7042.717000
dFCFS,0,325000,0.01,321745,3255,4.331000,20.039000,37.236000,199.374000,747.020600,2972.249040,4842.202472,30856.771000,1003.550000,1020.556500,1037.838000,1208.252500,1767.755600,4220.309980,7550.283906,14781.680000
dFCFS,0,350000,0.01,346617,3383,4.337000,24.475000,48.867000,291.966000,1012.189600,3700.527360,4831.342680,95786.249000,1003.761000,1024.225500,1049.725000,1299.400500,2120.247200,4668.945460,7720.205338,72867.197000
dFCFS,0,375000,0.01,371286,3714,3.730000,42.760000,308.571500,1069.328250,3844.194500,6499.147250,7288.151715,92001.009000,1003.984000,1044.911250,1316.675500,2120.013750,4949.465400,7672.717360,8349.150122,9157.541000
dFCFS,0,400000,0.01,395989,4011,4.364000,391.755000,1140.491000,2765.968000,5681.504800,7659.473360,7997.224864,100543.515000,1003.522000,1396.099500,2139.673000,3833.786000,6698.504000,8615.746000,8968.322360,14354.134000
dFCFS,0,425000,0.01,420672,4328,4.730000,11494.633250,18173.852500,25169.091750,34630.752800,38874.550580,39545.160908,114467.361000,1013.529000,11387.314000,18883.453500,26051.090500,35527.089600,39815.935770,40541.475173,40682.065000
dFCFS,0,450000,0.01,445504,4496,4.916000,19953.712750,43769.350000,66318.990750,82707.472800,89011.303220,89670.329832,121672.035000,1022.215000,21291.078500,44835.240000,67498.339500,83695.989500,89950.976350,90746.006885,93972.381000
dFCFS,0,475000,0.01,470401,4599,6.414000,39163.679000,74297.180000,106343.538000,120455.669000,126637.215000,127055.163600,202606.306000,1070.747000,38035.200000,73562.180000,106222.623000,121342.526000,127608.173040,128018.718046,128194.519000
dFCFS,0,500000,0.01,495062,4938,4.601000,46653.366000,113000.910500,162729.732000,190923.908500,199038.297800,202052.117745,236137.617000,1013.877000,48084.204250,109540.002500,162356.473750,190560.219500,200868.237930,203045.521551,203630.120000
dFCFS,0,0,0.1,0,0,0.000000,0.000000,0.000000,0.000000,0.000000,0.000000,0.000000,0.000000,0.000000,0.000000,0.000000,0.000000,0.000000,0.000000,0.000000,0.000000
dFCFS,0,25000,0.1,22467,2533,4.777000,10.044000,13.354000,33.682000,39.960200,60.644640,250.952550,521.301000,1004.805000,1009.155000,1012.488000,1032.695000,1039.166400,1077.805400,1366.412700,1749.855000
dFCFS,0,50000,0.1,45054,4946,4.600000,10.956000,17.161500,50.369000,275.835100,4227.972820,5849.316713,6023.543000,1004.234000,1009.832000,1016.388000,1052.232750,1266.667500,5107.811300,6573.615900,6906.813000
dFCFS,0,75000,0.1,67565,7435,5.231000,17773.520000,34692.284000,44096.124000,46133.514600,47761.305800,48223.008032,48580.293000,1005.705000,19333.275500,35604.283000,44957.977000,47045.125000,48692.123460,49115.913276,49406.645000
dFCFS,0,100000,0.1,89938,10062,5.679000,106164.753750,206821.499000,311595.386750,362895.204800,394611.972870,396505.241116,398469.903000,1006.275000,108817.276250,209761.082000,310608.238250,363527.802500,395231.991730,397357.248136,397662.936000
dFCFS,0,125000,0.1,112586,12414,7.272000,185685.003500,361523.248500,529125.562500,636631.544000,703809.929600,710370.746830,710770.314000,1008.209000,185089.605750,363760.232000,532354.252500,640087.128400,704570.574870,710910.257464,711548.629000
dFCFS,0,150000,0.1,135007,14993,6.497000,288097.691000,548729.543000,815425.795500,968658.846200,1065757.440880,1073570.011998,1076221.135000,1019.262000,285210.260000,549607.610000,815577.521000,970360.861600,1065388.601400,1073937.580032,1074954.112000
dFCFS,0,175000,0.1,157529,17471,7.401000,357976.333000,701841.449000,1071031.054000,1544250.470800,1659897.727040,1670828.927656,1673034.430000,1013.795000,357884.684500,705193.380000,1068806.846000,1540298.205000,1660727.711800,1672493.610660,1674042.109000
dFCFS,0,200000,0.1,180326,19674,7.741000,447905.740750,892284.477500,1297917.197000,1564185.885000,1711686.825750,1726870.274725,1730685.809000,1007.171000,441052.392250,884452.162500,1307225.843750,1562685.353300,1712636.452180,1727661.848065,1729147.079000
dFCFS,0,225000,0.1,202609,22391,9.480000,550143.283000,1057624.552000,1596579.271000,1910536.280200,2102933.970200,2119800.802736,2122471.102000,1007.526000,554192.994000,1068252.336000,1597641.853500,1915927.332000,2102940.665200,2120984.072040,2123462.685000
dFCFS,0,250000,0.1,224715,25285,5.732000,641400.036500,1304126.618000,1930491.730500,2301256.308800,2516668.325800,2541014.100284,2545151.958000,1006.596000,640551.140000,1304131.559000,1932183.184000,2301303.994400,2519050.941440,2541573.327048,2543958.001000
dFCFS,0,275000,0.1,247668,27332,5.160000,694592.457250,1396591.003500,2092793.630750,2495508.217700,2739775.003510,2763865.842033,2766981.338000,1009.503000,710023.264000,1395518.839000,2087141.830750,2493387.688200,2740665.688850,2764882.347241,2767742.004000
dFCFS,0,300000,0.1,270146,29854,5.757000,817785.700250,1599639.512500,2496226.932000,2954543.556000,3220347.360700,3247612.436670,3253365.458000,1005.663000,818935.658500,1587382.943000,2489130.993250,2949681.998200,3221767.800480,3249063.577206,3252253.292000
dFCFS,0,325000,0.1,292647,32353,6.581000,899755.550000,1782897.959000,2633615.044500,3145962.643000,3447233.967260,3479801.961214,3482888.264000,1014.963000,886961.274000,1773208.699000,2628648.315000,3141987.860200,3449458.806920,3480513.456544,3483787.169000
dFCFS,0,350000,0.1,315083,34917,4.730000,978063.959000,1958618.359000,2901504.357000,3458025.268200,3805226.053240,3839150.136502,3844937.189000,1013.926000,979995.982000,1964159.815000,2906222.487000,3469058.146400,3806036.658400,3840169.710120,3844117.854000
dFCFS,0,375000,0.1,337653,37347,4.666000,1200935.351000,2257095.059000,3162843.938000,3899673.151800,4268466.794760,4306783.242572,4310995.279000,1019.274000,1187719.047500,2230001.351000,3141167.663000,3890397.578000,4270991.340040,4307609.858022,4311823.576000
dFCFS,0,400000,0.1,360102,39898,7.714000,1147707.249000,2288327.337000,3696375.985000,4371897.408300,4766585.463350,4806729.872242,4812968.104000,1009.978000,1153472.410750,2266528.897500,3690264.452750,4370272.243800,4767606.634770,4807366.692036,4811999.408000
dFCFS,0,425000,0.1,382741,42259,6.493000,1293609.996000,2577773.365000,3774582.477000,4489443.598000,5007819.740200,5015218.839560,5024869.171000,1005.656000,1285796.575000,2582345.885000,3777599.549500,4491892.276000,5007105.717620,5015375.707670,5020455.326000
dFCFS,0,0,0.5,0,0,0.000000,0.000000,0.000000,0.000000,0.000000,0.000000,0.000000,0.000000,0.000000,0.000000,0.000000,0.000000,0.000000,0.000000,0.000000,0.000000
dFCFS,0,25000,0.5,12516,12484,18.542000,174675.063000,330403.028500,492667.370500,586158.057000,641391.824150,647664.959100,703975.425000,1015.875000,173119.507750,331065.620500,492057.183750,586141.895000,642969.635180,649121.436221,704792.844000
dFCFS,0,50000,0.5,25137,24863,7.474000,584915.438000,1152829.592000,1719946.982000,2059256.258800,2237104.862280,2258882.470720,2261004.782000,1008.278000,571489.863500,1136611.086000,1700750.812000,2039501.904000,2239375.903100,2259866.873664,2934708.609000
dFCFS,0,75000,0.5,37997,37003,12.122000,977121.125000,1953505.079000,2903781.253000,3484336.088000,3826985.087320,3862475.529372,3867228.007000,1007.313000,970571.706500,1942192.629000,2908506.917000,3485154.553600,3830040.939380,3864644.125682,3868492.248000
dFCFS,0,100000,0.5,49979,50021,9.695000,1393374.392000,2765183.803000,4177465.393000,5000769.426400,5076339.228640,5084267.176916,5088450.954000,1008.545000,1395254.510000,2781653.570000,4169024.825000,5000075.911000,5076605.800600,5084234.795520,5089591.574000
cFCFS,500,0,0,0,0,0.000000,0.000000,0.000000,0.000000,0.000000,0.000000,0.000000,0.000000,0.000000,0.000000,0.000000,0.000000,0.000000,0.000000,0.000000,0.000000
cFCFS,500,25000,0,25000,0,5.134000,10.729000,12.606500,14.370000,18.960100,39.196300,80.580572,445.549000,0.000000,0.000000,0.000000,0.000000,0.000000,0.000000,0.000000,0.000000
cFCFS,500,50000,0,50000,0,5.026000,10.092000,12.035000,14.129250,22.295400,42.861030,90.942245,1989.050000,0.000000,0.000000,0.000000,0.000000,0.000000,0.000000,0.000000,0.000000
cFCFS,500,75000,0,75000,0,4.357000,10.216750,12.385000,15.169000,24.108500,62.607330,271.420225,2070.886000,0.000000,0.000000,0.000000,0.000000,0.000000,0.000000,0.000000,0.000000
cFCFS,500,100000,0,100000,0,3.932000,10.591000,13.083000,16.684000,25.055600,89.203200,449.831911,4191.123000,0.000000,0.000000,0.000000,0.000000,0.000000,0.000000,0.000000,0.000000
cFCFS,500,125000,0,125000,0,3.783000,11.180000,14.244000,19.176000,30.349000,169.045480,659.296051,2984.209000,0.000000,0.000000,0.000000,0.000000,0.000000,0.000000,0.000000,0.000000
cFCFS,500,150000,0,150000,0,3.950000,11.357000,14.654000,19.470000,28.011000,108.224180,536.692718,2769.301000,0.000000,0.000000,0.000000,0.000000,0.000000,0.000000,0.000000,0.000000
cFCFS,500,175000,0,175000,0,3.839000,11.969000,16.125000,22.095000,35.169000,551.706140,1306.554160,5996.701000,0.000000,0.000000,0.000000,0.000000,0.000000,0.000000,0.000000,0.000000
cFCFS,500,200000,0,200000,0,3.564000,12.440000,17.459500,24.334000,39.807000,253.493880,608.433674,2214.251000,0.000000,0.000000,0.000000,0.000000,0.000000,0.000000,0.000000,0.000000
cFCFS,500,225000,0,225000,0,3.834000,12.669000,18.164000,25.161000,39.806200,337.243550,749.816418,6095.579000,0.000000,0.000000,0.000000,0.000000,0.000000,0.000000,0.000000,0.000000
cFCFS,500,250000,0,250000,0,4.060000,12.743000,18.715000,25.801000,36.338100,286.349080,701.286660,6828.490000,0.000000,0.000000,0.000000,0.000000,0.000000,0.000000,0.000000,0.000000
cFCFS,500,275000,0,275000,0,3.803000,12.852000,19.334500,26.875250,41.147300,567.075320,1007.462253,6239.511000,0.000000,0.000000,0.000000,0.000000,0.000000,0.000000,0.000000,0.000000
cFCFS,500,300000,0,300000,0,3.790000,13.192000,20.908000,30.496000,56.089200,1042.242160,2580.150066,6139.152000,0.000000,0.000000,0.000000,0.000000,0.000000,0.000000,0.000000,0.000000
cFCFS,500,325000,0,325000,0,3.810000,13.322000,21.513000,31.530000,56.866700,1205.024590,2820.659491,6164.940000,0.000000,0.000000,0.000000,0.000000,0.000000,0.000000,0.000000,0.000000
cFCFS,500,350000,0,350000,0,3.786000,14.033000,22.826000,33.633000,62.117100,829.031810,1970.943077,6363.618000,0.000000,0.000000,0.000000,0.000000,0.000000,0.000000,0.000000,0.000000
cFCFS,500,375000,0,375000,0,4.208000,14.925000,25.054000,37.945000,118.189400,6057.517180,8002.566063,13789.194000,0.000000,0.000000,0.000000,0.000000,0.000000,0.000000,0.000000,0.000000
cFCFS,500,400000,0,400000,0,4.641000,15.477000,25.977000,38.545000,83.841300,1396.397610,3118.529712,7132.446000,0.000000,0.000000,0.000000,0.000000,0.000000,0.000000,0.000000,0.000000
cFCFS,500,425000,0,425000,0,3.732000,16.976000,28.949500,46.852000,287.851400,1523.860330,2761.761510,6039.521000,0.000000,0.000000,0.000000,0.000000,0.000000,0.000000,0.000000,0.000000
cFCFS,500,450000,0,450000,0,3.826000,17.674750,30.617000,46.458000,153.556200,1230.110530,2332.263020,6062.091000,0.000000,0.000000,0.000000,0.000000,0.000000,0.000000,0.000000,0.000000
cFCFS,500,475000,0,475000,0,3.748000,19.560000,33.852500,53.927000,250.922100,1310.828690,1644.872270,7592.169000,0.000000,0.000000,0.000000,0.000000,0.000000,0.000000,0.000000,0.000000
cFCFS,500,500000,0,500000,0,4.688000,21.100000,36.941500,68.106000,462.909600,1591.020130,2464.800282,7675.692000,0.000000,0.000000,0.000000,0.000000,0.000000,0.000000,0.000000,0.000000
cFCFS,500,0,0.01,0,0,0.000000,0.000000,0.000000,0.000000,0.000000,0.000000,0.000000,0.000000,0.000000,0.000000,0.000000,0.000000,0.000000,0.000000,0.000000,0.000000
cFCFS,500,25000,0.01,24759,241,4.925000,10.764500,12.518000,14.123000,17.755000,38.827960,58.600148,444.427000,1005.595000,1010.438000,1011.917000,1014.672000,1029.466000,1051.899800,1265.129400,1329.375000
cFCFS,500,50000,0.01,49490,510,4.494000,9.867000,11.813500,14.021750,22.931900,44.730550,116.607500,1385.193000,1004.398000,1009.042500,1011.272500,1015.368250,1033.792900,1106.442700,1598.044204,1632.475000
cFCFS,500,75000,0.01,74308,692,4.386000,10.100000,12.286000,15.177000,23.678400,65.569640,258.450033,2230.942000,1005.032000,1009.512750,1011.937000,1017.877250,1035.148000,1099.907140,1372.108616,1403.082000
cFCFS,500,100000,0.01,99021,979,3.839000,10.551000,13.266000,17.322000,27.657000,114.930000,617.553460,1892.779000,1004.038000,1010.090500,1013.152000,1022.436000,1043.605600,1194.901800,1534.558866,1544.244000
cFCFS,500,125000,0.01,123752,1248,3.962000,11.088000,14.360000,19.033000,28.137000,147.519870,459.521877,2495.825000,1005.309000,1011.011000,1015.294000,1023.178000,1044.081300,1227.250660,1447.519640,1715.993000
cFCFS,500,150000,0.01,148470,1530,4.542000,11.464000,15.540000,21.126750,31.514300,428.936030,1639.818441,2654.446000,1004.110000,1011.156250,1015.929000,1026.739000,1059.778700,1968.525630,4085.999169,5723.217000
cFCFS,500,175000,0.01,173241,1759,3.744000,12.126000,17.137000,23.669000,41.271000,662.936400,2166.116360,6287.319000,1003.811000,1011.983000,1018.229000,1029.778500,1086.740400,1834.566960,3196.486136,3322.329000
cFCFS,500,200000,0.01,198075,1925,3.966000,12.697500,18.742000,26.106000,39.966000,792.381760,2159.526328,5884.580000,1003.301000,1012.702000,1020.387000,1033.670000,1084.778800,1800.967040,3361.903744,3573.546000
cFCFS,500,225000,0.01,222774,2226,3.941000,13.836250,21.259000,30.579000,58.562800,834.345840,2316.042890,7245.810000,1003.673000,1014.346250,1023.291500,1041.990000,1129.846500,1871.258250,3279.924275,3440.389000
cFCFS,500,250000,0.01,247485,2515,4.432000,15.183000,23.718000,35.507000,89.943800,1264.786320,3093.061760,6243.188000,1003.614000,1016.249500,1026.761000,1060.599000,1211.444600,2767.685440,4296.568082,6667.843000
cFCFS,500,275000,0.01,272107,2893,4.257000,16.508000,26.552000,43.308500,124.763400,1058.186260,1768.692412,6195.006000,1003.684000,1018.167000,1029.757000,1077.577000,1261.325400,2422.308680,4532.861060,6450.047000
cFCFS,500,300000,0.01,296947,3053,4.363000,17.869000,29.628000,52.652000,146.773600,767.040280,1500.454530,6598.213000,1003.728000,1019.783000,1034.063000,1088.998000,1250.273600,1877.584320,2835.342556,7044.604000
cFCFS,500,325000,0.01,321749,3251,4.413000,19.769000,33.296000,73.990000,218.240600,1410.041680,3102.690912,6439.951000,1003.658000,1021.278500,1039.622000,1129.788500,1320.849000,2702.328500,4584.315000,5752.121000
cFCFS,500,350000,0.01,346553,3447,4.365000,20.856000,35.061000,83.218000,319.468200,1804.801160,2527.558560,5529.286000,1003.759000,1021.948500,1042.314000,1154.663000,1484.326200,2933.913060,3461.868804,3693.342000
cFCFS,500,375000,0.01,371239,3761,4.396000,23.615500,40.761000,105.005000,306.914800,1577.902160,2156.292632,2901.654000,1003.591000,1026.166000,1052.385000,1184.902000,1466.427000,2686.624400,3568.310200,3718.324000
cFCFS,500,400000,0.01,396054,3946,4.355000,32.142000,78.189500,298.065000,894.883500,2764.229990,4514.009502,6552.273000,1003.629000,1037.643250,1114.449000,1392.435750,1992.123500,3645.414950,5629.543580,6722.252000
cFCFS,500,425000,0.01,420685,4315,4.377000,49.424000,181.155000,551.009000,1281.645000,2532.480240,2901.496708,3397.426000,1004.059000,1065.765000,1252.920000,1646.699500,2378.102600,3568.884640,4297.490908,7388.595000
cFCFS,500,450000,0.01,445486,4514,4.390000,258.665750,1472.677000,3005.782250,4729.155500,6359.988850,6780.614965,9285.579000,1004.151000,1374.945500,2570.588000,4101.140000,5752.713200,7472.807910,7969.808685,10733.634000
cFCFS,500,475000,0.01,470324,4676,4.849000,8135.062000,17762.063500,26602.659750,29882.018900,31158.603090,31435.779651,34735.145000,1005.302000,9208.716500,18614.828000,27537.880250,30772.691500,32186.405750,32898.189400,36402.959000
cFCFS,500,500000,0.01,495080,4920,4.512000,21102.541000,41471.470500,63869.440250,80401.916600,83137.416300,84048.082125,87947.605000,1033.352000,22739.067250,44415.776500,65424.351250,80124.816200,84195.429940,85076.429277,86360.797000
cFCFS,500,0,0.1,0,0,0.000000,0.000000,0.000000,0.000000,0.000000,0.000000,0.000000,0.000000,0.000000,0.000000,0.000000,0.000000,0.000000,0.000000,0.000000,0.000000
cFCFS,500,25000,0.1,22477,2523,4.381000,9.815000,11.623000,13.987000,26.092200,144.807800,1010.107524,5933.181000,1004.419000,1009.133500,1011.354000,1018.947000,1041.930200,1518.998400,6563.917722,10754.535000
cFCFS,500,50000,0.1,45039,4961,4.559000,9.738500,12.811000,22.347000,66.539800,518.054980,1991.758622,2798.264000,1003.767000,1009.501000,1014.433000,1048.482000,1183.677000,1698.188200,3093.988960,6158.440000
cFCFS,500,75000,0.1,67494,7506,4.615000,21.612250,171.488000,513.534000,1033.232500,3067.497200,4775.370784,4996.664000,1003.590000,1037.256000,1251.501000,1592.079750,2115.544000,4012.047500,5850.700210,7620.792000
cFCFS,500,100000,0.1,89950,10050,7.894000,46346.692750,87075.226500,138935.942750,169950.239200,185023.076340,188484.631523,190914.323000,1012.349000,47130.258750,90750.793500,141248.966250,170954.586400,186937.646590,189458.945446,189662.316000
cFCFS,500,125000,0.1,112392,12608,8.387000,126206.958250,250500.761500,370243.961000,444805.892900,484309.989470,486902.750099,487284.487000,1011.689000,125859.543750,249683.199500,369398.188250,444821.663500,484908.165630,487827.431471,488181.277000
cFCFS,500,150000,0.1,135042,14958,6.303000,203802.090000,385142.021000,585870.905750,698931.150000,768333.483440,775568.072511,776184.484000,1008.119000,202492.484250,386870.039500,586043.854750,699854.286300,769077.775380,776457.616759,779427.830000
cFCFS,500,175000,0.1,157560,17440,6.209000,255130.685250,533403.245000,805808.723250,962026.666700,1064659.350960,1070946.783460,1072315.225000,1006.645000,260858.459750,533351.571500,804035.060750,961313.185200,1063681.967060,1071748.421205,1073099.052000
cFCFS,500,200000,0.1,180088,19912,7.465000,342948.513250,677472.697000,1009689.124750,1214142.361500,1334331.405190,1346419.941996,1349235.323000,1023.098000,336315.552250,674280.289000,1013385.106000,1214381.748900,1335237.303800,1346935.364522,1348078.806000
cFCFS,500,225000,0.1,202553,22447,7.807000,410993.978000,818701.170000,1240429.207000,1497083.210000,1643438.155400,1656981.455728,1658130.418000,1014.201000,414572.114500,824775.434000,1239934.500000,1493117.699400,1643147.083880,1657396.741540,1659038.095000
cFCFS,500,250000,0.1,225025,24975,6.856000,496326.204000,993756.892000,1460848.983000,1753794.276800,1929069.630600,1943772.595480,1948747.912000,1011.309000,489757.368500,979726.574000,1460276.098500,1753582.169000,1928107.607360,1945203.541176,1947348.160000
cFCFS,500,275000,0.1,247302,27698,5.135000,564583.250000,1138980.050500,1706476.537000,2044828.100700,2246351.769780,2267587.181058,2269897.270000,1012.280000,571209.798500,1138765.967500,1704399.634750,2043012.676100,2247666.810540,2268615.996712,2270594.231000
cFCFS,500,300000,0.1,269988,30012,6.236000,628215.005500,1276944.109500,1901157.267500,2283372.351600,2517453.158740,2540049.889438,2545033.165000,1017.683000,637524.510750,1274155.106000,1906970.085250,2290386.556700,2518734.793670,2541607.466142,2544076.453000
cFCFS,500,325000,0.1,292527,32473,14.444000,729108.594000,1428765.462000,2142095.147500,2549693.241200,2807720.048880,2831442.997330,2835278.647000,1012.262000,717779.283000,1424484.000000,2135155.030000,2553058.481400,2807962.275880,2833249.579440,2836174.364000
cFCFS,500,350000,0.1,314950,35050,15.365000,792902.345750,1576586.793500,2357372.922500,2834405.896000,3110147.846830,3140798.273819,3146583.739000,1036.038000,789482.200500,1570860.382500,2354916.746000,2831907.348000,3113620.880830,3142495.329898,3145825.110000
cFCFS,500,375000,0.1,337657,37343,5.947000,857308.946000,1705328.478000,2565742.836000,3071908.655000,3370596.611920,3398698.431552,3402819.647000,1015.052000,856859.933000,1706856.150000,2559385.900000,3066885.333200,3370143.128880,3400070.277690,3403384.901000
cFCFS,500,400000,0.1,359734,40266,6.397000,934611.889500,1867536.799000,2802738.681250,3376225.268900,3706172.664560,3739004.916011,3744570.538000,1015.803000,941872.034500,1879410.484000,2814392.556000,3376710.030000,3707354.962950,3740446.118030,3743899.694000
cFCFS,500,425000,0.1,382809,42191,10.542000,999178.516000,2015392.769000,3007412.318000,3597004.013200,3967901.616400,4003111.866680,4006970.583000,1013.044000,1003943.922500,2010438.005000,3005663.865000,3604819.788000,3968416.429900,4004165.893480,4007974.863000
cFCFS,500,450000,0.1,404850,45150,15.798000,1093039.680500,2197175.048000,3290521.108250,3932773.112200,4305598.336810,4343612.628459,4350194.987000,1015.981000,1089631.199000,2191162.512500,3273380.740500,3921988.680900,4306034.230920,4345468.021053,4349357.175000
cFCFS,500,475000,0.1,427426,47574,14.811000,1143220.664000,2280052.302000,3450909.110750,4145779.853500,4571726.666750,4612154.385550,4617805.378000,1017.532000,1156865.715750,2300711.700000,3450507.134750,4156270.819500,4573509.987260,4614302.147708,4618693.318000
cFCFS,500,500000,0.1,450016,49984,8.541000,1233398.309500,2450928.758500,3677234.804750,4429273.732500,4876400.693800,4920469.934225,4925711.983000,1021.430000,1238557.881500,2462362.192500,3693159.240750,4436468.095400,4876342.135540,4920352.685562,4925083.485000
cFCFS,500,0,0.5,0,0,0.000000,0.000000,0.000000,0.000000,0.000000,0.000000,0.000000,0.000000,0.000000,0.000000,0.000000,0.000000,0.000000,0.000000,0.000000,0.000000
cFCFS,500,25000,0.5,12319,12681,15.453000,104503.723000,204256.079000,301282.074500,369751.790000,402115.358780,404199.348204,404610.399000,1010.744000,103726.903000,203013.188000,301984.911000,367805.262000,402525.924800,405239.695520,405638.994000
cFCFS,500,50000,0.5,24965,25035,8.023000,419877.897000,861425.903000,1308002.842000,1576266.531200,1736965.088320,1752384.863416,1756609.193000,1010.646000,428998.968000,872172.097000,1317474.479000,1578805.002600,1738167.387520,1753768.680548,1755711.462000
cFCFS,500,75000,0.5,37352,37648,17.073000,772834.415750,1570911.703500,2368836.031250,2839033.224300,3122519.652850,3152649.378622,3155813.017000,1006.693000,784984.964750,1578704.829000,2378649.479250,2839613.843200,3124936.541380,3153711.792682,3157220.389000
cFCFS,500,100000,0.5,50122,49878,14.140000,1083606.296250,2153492.506500,3256212.052750,3949899.326900,4359929.776340,4399759.962869,4404240.714000,1012.025000,1086706.428500,2160417.235500,3276692.786000,3956708.529600,4357658.276890,4398836.626348,4403043.934000
cFCFS,500,125000,0.5,62482,62518,14.640000,1459488.023000,2928566.484500,4390052.590250,5040095.526400,5115983.794560,5123902.677698,5128870.173000,1011.060000,1463562.616000,2925511.735500,4396592.976500,5039199.016300,5116940.081100,5124543.208845,5129895.338000
cfs,0,0,0,0,0,0.000000,0.000000,0.000000,0.000000,0.000000,0.000000,0.000000,0.000000,0.000000,0.000000,0.000000,0.000000,0.000000,0.000000,0.000000,0.000000
cfs,0,25000,0,25000,0,4.771000,10.230000,12.987000,24.154000,29.699100,69.943450,166.663125,877.710000,0.000000,0.000000,0.000000,0.000000,0.000000,0.000000,0.000000,0.000000
cfs,0,50000,0,50000,0,4.764000,9.095000,11.238000,16.035250,34.900100,64.946410,153.077074,5987.528000,0.000000,0.000000,0.000000,0.000000,0.000000,0.000000,0.000000,0.000000
cfs,0,75000,0,75000,0,4.670000,8.772000,10.990000,15.179250,38.529000,87.287620,303.195404,1246.861000,0.000000,0.000000,0.000000,0.000000,0.000000,0.000000,0.000000,0.000000
cfs,0,100000,0,100000,0,4.612000,8.373000,10.063000,12.879000,18.832100,81.195430,319.875081,6040.837000,0.000000,0.000000,0.000000,0.000000,0.000000,0.000000,0.000000,0.000000
cfs,0,125000,0,125000,0,4.188000,8.292000,10.157000,13.195000,18.658200,81.684250,340.227866,5865.322000,0.000000,0.000000,0.000000,0.000000,0.000000,0.000000,0.000000,0.000000
cfs,0,150000,0,150000,0,4.477000,8.579000,10.858000,14.204000,21.917100,129.181090,367.306154,5823.543000,0.000000,0.000000,0.000000,0.000000,0.000000,0.000000,0.000000,0.000000
cfs,0,175000,0,175000,0,4.310000,8.800000,11.860500,16.906000,31.427300,457.420730,1667.232315,6916.572000,0.000000,0.000000,0.000000,0.000000,0.000000,0.000000,0.000000,0.000000
cfs,0,200000,0,200000,0,3.939000,9.080000,12.545000,17.869250,34.766200,871.497660,1760.274049,6632.927000,0.000000,0.000000,0.000000,0.000000,0.000000,0.000000,0.000000,0.000000
cfs,0,225000,0,225000,0,3.589000,9.379750,13.511000,20.951000,42.081200,1119.199840,2081.252448,11864.704000,0.000000,0.000000,0.000000,0.000000,0.000000,0.000000,0.000000,0.000000
cfs,0,250000,0,250000,0,3.779000,9.829000,14.500500,22.803000,43.796200,851.900980,2048.493304,10470.739000,0.000000,0.000000,0.000000,0.000000,0.000000,0.000000,0.000000,0.000000
cfs,0,275000,0,275000,0,3.914000,10.186000,15.325000,23.008000,39.025000,345.598020,730.558605,13234.245000,0.000000,0.000000,0.000000,0.000000,0.000000,0.000000,0.000000,0.000000
cfs,0,300000,0,300000,0,3.816000,11.201000,18.377000,32.238000,82.164000,1621.648470,2998.799129,17211.344000,0.000000,0.000000,0.000000,0.000000,0.000000,0.000000,0.000000,0.000000
cfs,0,325000,0,325000,0,4.127000,11.786000,19.928000,35.540000,94.649200,1639.623030,3457.661399,15707.614000,0.000000,0.000000,0.000000,0.000000,0.000000,0.000000,0.000000,0.000000
cfs,0,350000,0,350000,0,3.849000,12.826000,22.435500,43.070250,231.019700,2815.884050,3525.824540,15623.802000,0.000000,0.000000,0.000000,0.000000,0.000000,0.000000,0.000000,0.000000
cfs,0,375000,0,375000,0,3.749000,14.240750,28.081000,55.770250,225.306100,1335.904260,1995.310233,17290.954000,0.000000,0.000000,0.000000,0.000000,0.000000,0.000000,0.000000,0.000000
cfs,0,400000,0,400000,0,4.154000,16.339000,32.990000,79.600750,485.155300,2542.553040,3758.383101,21922.388000,0.000000,0.000000,0.000000,0.000000,0.000000,0.000000,0.000000,0.000000
cfs,0,425000,0,425000,0,4.608000,16.061000,30.860000,63.917250,320.530400,2426.546100,3926.518041,14856.315000,0.000000,0.000000,0.000000,0.000000,0.000000,0.000000,0.000000,0.000000
cfs,0,450000,0,450000,0,4.466000,25.854000,61.324000,470.553500,1746.958200,5359.538640,6082.613417,21678.692000,0.000000,0.000000,0.000000,0.000000,0.000000,0.000000,0.000000,0.000000
cfs,0,475000,0,475000,0,4.139000,24.737000,51.659000,141.482250,580.128500,1249.800010,1621.938062,12071.223000,0.000000,0.000000,0.000000,0.000000,0.000000,0.000000,0.000000,0.000000
cfs,0,500000,0,500000,0,4.647000,80.826750,367.139500,1098.062500,1991.459600,2882.155760,3030.308049,15399.863000,0.000000,0.000000,0.000000,0.000000,0.000000,0.000000,0.000000,0.000000
cfs,0,0,0.01,0,0,0.000000,0.000000,0.000000,0.000000,0.000000,0.000000,0.000000,0.000000,0.000000,0.000000,0.000000,0.000000,0.000000,0.000000,0.000000,0.000000
cfs,0,25000,0.01,24746,254,3.749000,10.013000,12.671500,22.486750,29.088000,65.547150,151.242525,2553.765000,1004.347000,1008.860500,1011.186500,1020.550500,1028.239400,1051.372040,1102.331576,1106.837000
cfs,0,50000,0.01,49540,460,4.544000,8.952000,11.168000,16.133000,34.222000,79.314070,719.529540,1488.134000,1004.513000,1008.006250,1010.633000,1017.204500,1034.506800,1110.214680,1373.201498,1432.586000
cfs,0,75000,0.01,74259,741,4.568000,8.886000,11.276000,16.856000,43.607000,3786.804580,5207.989350,7127.974000,1004.083000,1007.949000,1010.477000,1018.680000,1044.281000,4923.583000,5957.381700,5969.588000
cfs,0,100000,0.01,98982,1018,4.499000,8.470000,10.558000,13.378000,20.216000,70.830230,302.765446,1627.336000,1003.856000,1007.558250,1009.644500,1012.701250,1023.564800,1087.160550,2517.767461,3736.526000
cfs,0,125000,0.01,123778,1222,4.285000,8.472000,10.916000,14.288000,21.458000,836.488670,1653.348829,3834.530000,1003.981000,1007.548000,1010.065500,1014.043000,1024.609800,1652.331090,2397.178246,2659.402000
cfs,0,150000,0.01,148553,1447,3.989000,8.700000,11.790000,15.893000,24.391600,453.111920,1112.444832,5946.055000,1003.556000,1007.700500,1011.233000,1015.925500,1028.596600,1698.262480,2128.859876,2175.790000
cfs,0,175000,0.01,173258,1742,3.880000,9.189000,12.904500,17.871000,26.856000,320.620060,1117.322858,4766.508000,1003.878000,1008.241750,1012.027000,1017.329750,1028.102200,1488.692060,2269.553169,6082.770000
cfs,0,200000,0.01,197933,2067,4.109000,9.976000,14.935000,22.690000,49.406600,539.830120,1391.017628,7188.724000,1003.485000,1009.185500,1014.518000,1023.925500,1063.065800,1583.303120,2618.991482,7242.741000
cfs,0,225000,0.01,222697,2303,3.952000,11.060000,17.039000,27.097000,111.162400,2385.397880,3391.358496,9356.274000,1003.637000,1010.388500,1016.239000,1027.498000,1131.332800,3217.189680,4151.235638,6718.271000
cfs,0,250000,0.01,247547,2453,4.394000,11.993000,19.151000,31.769000,134.712000,1300.688380,4146.694982,8958.038000,1003.672000,1011.211000,1018.908000,1033.315000,1139.066000,2238.384920,3672.860556,6760.171000
cfs,0,275000,0.01,272302,2698,4.361000,13.403000,22.202000,39.525000,156.680900,717.224740,1447.280216,6724.325000,1003.550000,1012.693250,1021.729500,1039.954000,1154.813600,1642.671030,3755.168017,6640.046000
cfs,0,300000,0.01,297004,2996,4.380000,17.466000,34.123000,229.821000,1000.877200,4670.207030,5476.470151,9018.014000,1003.488000,1016.913750,1034.349000,1234.541250,1960.487000,5688.017450,6410.090965,12573.719000
cfs,0,325000,0.01,321729,3271,4.364000,24.117000,84.130000,434.948000,884.550800,1699.072280,2569.450496,10281.856000,1003.599000,1023.984500,1091.570000,1458.317000,1881.250000,2762.898700,6320.701610,7831.353000
cfs,0,350000,0.01,346573,3427,4.425000,45.539000,339.749000,893.877000,1875.641600,5785.294560,6704.199784,14607.287000,1003.617000,1049.753500,1342.029000,1906.444000,2856.696800,6819.297920,8162.014488,18948.547000
cfs,0,375000,0.01,371189,3811,4.614000,4020.269000,10390.035000,14402.193000,15809.381400,17472.618840,18282.056916,26128.577000,1005.160000,4880.469500,11285.228000,15277.351500,16768.923000,18423.801700,19327.591790,22341.397000
cfs,0,400000,0.01,396058,3942,5.049000,13009.191250,32298.552000,45584.886750,53199.704600,58143.761900,58904.810854,64354.282000,1007.968000,13848.523250,32508.101500,46571.539000,54200.306100,59049.141230,59876.120517,60779.127000
cfs,0,425000,0.01,420686,4314,5.220000,38184.173750,78744.198000,110607.915750,126165.002500,139786.651500,142275.490570,146515.782000,1016.893000,37872.232500,78725.094000,111589.000500,128530.547800,141517.631830,143175.398296,143331.545000
cfs,0,450000,0.01,445450,4550,4.738000,53192.850500,107521.358500,150905.406000,182513.935400,205594.577700,207075.705037,210531.850000,1014.372000,54224.645750,108308.466500,153933.538250,184894.218500,206394.504670,208024.804546,208371.732000
cfs,0,475000,0.01,470188,4812,8.695000,72132.242000,150056.667500,222433.856000,260750.396000,278233.778930,279046.115998,290076.448000,1074.731000,72425.957500,148968.663500,221493.817000,261198.444700,278991.352320,279924.344257,280135.415000
cfs,0,500000,0.01,495034,4966,5.653000,75357.683750,160868.776500,238709.256250,285376.614000,306666.199950,308556.612443,315486.855000,1006.275000,75785.312750,159298.697500,239385.819250,284870.772000,307660.657550,309588.400890,311066.275000
cfs,0,0,0.1,0,0,0.000000,0.000000,0.000000,0.000000,0.000000,0.000000,0.000000,0.000000,0.000000,0.000000,0.000000,0.000000,0.000000,0.000000,0.000000,0.000000
cfs,0,25000,0.1,22497,2503,4.506000,9.472000,12.074000,22.184000,28.393800,121.895720,540.254512,2272.706000,1004.309000,1008.583500,1011.297000,1021.733000,1027.997800,1175.576240,2160.587272,2390.468000
cfs,0,50000,0.1,44927,5073,4.601000,11.946000,31.719000,283.307500,643.797600,2612.120580,5043.431502,18305.301000,1003.928000,1011.070000,1031.537000,1287.216000,1655.349400,3460.593120,7732.931984,14922.331000
cfs,0,75000,0.1,67479,7521,4.808000,36123.659000,57329.749000,104716.815000,138565.668200,150459.276720,152491.033334,168461.104000,1013.748000,37218.729000,60035.181000,105791.698000,139053.249000,151670.014800,154279.237240,165243.581000
cfs,0,100000,0.1,90036,9964,6.244000,151682.134000,295717.409500,434765.926750,511994.994500,568283.012150,572257.993920,579777.295000,1010.019000,150817.764000,294877.585000,434475.596500,514670.325100,569075.099910,573264.599487,579530.014000
cfs,0,125000,0.1,112430,12570,5.760000,246906.122250,503324.519500,743607.006750,909089.423600,998637.046670,1005624.126050,1013086.425000,1006.514000,251037.527000,503037.808500,745117.326750,910044.502500,998477.103340,1006495.140402,1011241.569000
cfs,0,150000,0.1,135067,14933,6.190000,334329.654000,674449.241000,1000948.828000,1205008.000200,1326934.742440,1338399.748772,1343222.389000,1006.947000,334685.477000,670801.164000,1003800.664000,1206026.791000,1327696.145360,1339414.468968,1340855.989000
cfs,0,175000,0.1,157497,17503,7.721000,452013.433000,882373.553000,1306493.362000,1555096.033600,1702030.410800,1716566.517176,1719700.867000,1007.335000,449548.694500,879547.511000,1301314.364500,1555029.665000,1703591.685180,1718912.436786,1724590.419000
cfs,0,200000,0.1,180061,19939,6.156000,535818.288000,1059135.475000,1564799.856000,1893739.138000,2086707.589200,2106759.381060,2110676.576000,1006.952000,533661.233000,1056317.135000,1575793.505500,1896706.061800,2088809.622940,2107896.060514,2113590.870000
cfs,0,225000,0.1,202727,22273,6.044000,625650.627500,1255875.889000,1882722.750500,2258636.923800,2477961.251540,2502419.433334,2507584.514000,1007.574000,623149.715000,1252600.090000,1879594.889000,2257120.924200,2482003.513080,2505164.906496,2509273.312000
cfs,0,250000,0.1,225281,24719,6.616000,724298.676000,1446283.247000,2157191.591000,2581549.564000,2840998.650800,2873166.975880,2877892.735000,1013.741000,732813.262000,1458900.688000,2160907.824500,2586868.287400,2846849.398120,2873550.850806,2877593.412000
cfs,0,275000,0.1,247299,27701,4.875000,872063.154500,1715973.645000,2545108.877500,3044588.025800,3339531.635360,3367586.746488,3373635.341000,1012.681000,854315.464000,1696204.434000,2533588.248000,3036025.482000,3337856.922000,3367816.471800,3370998.060000
cfs,0,300000,0.1,269944,30056,9.427000,902534.410000,1852557.108000,2784620.640000,3344115.695800,3680093.453570,3711707.819323,3715849.364000,1011.413000,916857.380000,1852096.729500,2783587.876500,3345681.534000,3679268.980950,3711894.066930,3716828.004000
cfs,0,325000,0.1,292647,32353,6.300000,1026806.495000,2040572.315000,3074725.433000,3709497.918600,4078884.490360,4117125.314726,4122788.262000,1012.044000,1033555.763000,2054995.848000,3080870.539000,3711299.984600,4080083.275360,4117275.187184,4120897.583000
cfs,0,350000,0.1,315037,34963,4.954000,1095103.582000,2232570.506000,3360502.143000,4037851.294600,4442181.651120,4478110.474556,4484950.539000,1015.335000,1105108.969000,2234460.390000,3361144.684500,4035997.747400,4439727.637640,4479109.082156,4483691.994000
cfs,0,375000,0.1,337081,37919,6.210000,1237349.339000,2461112.837000,3711787.024000,4448580.332000,4893439.765800,4936942.339400,4945060.442000,1017.054000,1224814.208000,2464740.410000,3705653.837500,4449564.484600,4894469.622520,4939001.813772,4944263.438000
cfs,0,0,0.5,0,0,0.000000,0.000000,0.000000,0.000000,0.000000,0.000000,0.000000,0.000000,0.000000,0.000000,0.000000,0.000000,0.000000,0.000000,0.000000,0.000000
cfs,0,25000,0.5,12407,12593,9.340000,207754.908500,432359.172000,638709.567000,766426.889600,844436.179040,854325.444822,855316.774000,1006.526000,212294.077000,430187.470000,641105.696000,769046.180400,846847.919040,854832.673560,856287.638000
cfs,0,50000,0.5,24994,25006,9.659000,674792.517000,1327993.148000,1977006.959750,2378933.680300,2624034.429730,2647902.176297,2651275.620000,1010.189000,668162.367000,1326207.257500,1987132.094000,2384094.712500,2624386.819150,2648270.171185,2654456.469000
cfs,0,75000,0.5,37603,37397,13.619000,1126132.722500,2266294.753000,3392359.884000,4046213.819800,4404649.596700,4458281.869618,4463220.202000,1005.715000,1127597.148000,2263423.198000,3385068.228000,4055835.376000,4408943.810640,4458572.479264,4464668.780000
cfs,0,100000,0.5,49736,50264,8.323000,1603809.487250,3203103.389500,4798327.527500,5101906.026000,5178520.281450,5191908.707150,5201494.877000,1008.767000,1599755.217750,3193400.529000,4785484.825000,5099571.968000,5178640.064220,5195053.474012,5201887.021000
orca,0,0,0,0,0,0.000000,0.000000,0.000000,0.000000,0.000000,0.000000,0.000000,0.000000,0.000000,0.000000,0.000000,0.000000,0.000000,0.000000,0.000000,0.000000
orca,0,25000,0,25000,0,5.467000,10.954750,13.194000,19.607750,41.544300,70.152660,233.743460,651.459000,0.000000,0.000000,0.000000,0.000000,0.000000,0.000000,0.000000,0.000000
orca,0,50000,0,50000,0,4.054000,9.674000,12.037000,15.480250,46.416000,83.224190,239.325316,3544.217000,0.000000,0.000000,0.000000,0.000000,0.000000,0.000000,0.000000,0.000000
orca,0,75000,0,75000,0,4.882000,9.797000,12.236000,15.725250,50.912600,130.167820,703.003010,3216.316000,0.000000,0.000000,0.000000,0.000000,0.000000,0.000000,0.000000,0.000000
orca,0,100000,0,100000,0,4.560000,10.095000,12.624000,16.556250,34.296500,168.943550,1105.561803,41334.978000,0.000000,0.000000,0.000000,0.000000,0.000000,0.000000,0.000000,0.000000
orca,0,125000,0,125000,0,3.823000,10.427000,13.134000,17.582000,30.326400,159.451080,430.925523,5865.264000,0.000000,0.000000,0.000000,0.000000,0.000000,0.000000,0.000000,0.000000
orca,0,150000,0,150000,0,4.280000,10.987750,14.123000,20.112000,38.305200,573.522590,1540.016912,4405.090000,0.000000,0.000000,0.000000,0.000000,0.000000,0.000000,0.000000,0.000000
orca,0,175000,0,175000,0,4.751000,11.576000,15.395500,23.399000,41.918200,788.563150,2000.167238,5658.068000,0.000000,0.000000,0.000000,0.000000,0.000000,0.000000,0.000000,0.000000
orca,0,200000,0,200000,0,3.829000,11.705000,16.332000,25.519000,53.656300,1261.139210,2547.872643,11383.764000,0.000000,0.000000,0.000000,0.000000,0.000000,0.000000,0.000000,0.000000
orca,0,225000,0,225000,0,4.542000,11.954000,17.215500,27.096000,49.063100,1282.989550,2374.832876,19632.233000,0.000000,0.000000,0.000000,0.000000,0.000000,0.000000,0.000000,0.000000
orca,0,250000,0,250000,0,3.781000,12.135000,18.819000,31.454000,62.306000,1750.662280,2693.054028,11930.320000,0.000000,0.000000,0.000000,0.000000,0.000000,0.000000,0.000000,0.000000
orca,0,275000,0,275000,0,4.024000,12.199000,19.884000,34.939000,84.511000,1890.957970,2962.239054,22775.117000,0.000000,0.000000,0.000000,0.000000,0.000000,0.000000,0.000000,0.000000
orca,0,300000,0,300000,0,3.844000,12.509000,20.520000,34.762000,64.880500,822.525560,1206.403360,86308.950000,0.000000,0.000000,0.000000,0.000000,0.000000,0.000000,0.000000,0.000000
orca,0,325000,0,325000,0,4.442000,13.415000,23.119000,40.632000,92.726400,1332.144540,3186.859125,137978.353000,0.000000,0.000000,0.000000,0.000000,0.000000,0.000000,0.000000,0.000000
orca,0,350000,0,350000,0,4.643000,15.603000,29.239000,55.782000,378.036400,3341.770890,4261.703570,141442.907000,0.000000,0.000000,0.000000,0.000000,0.000000,0.000000,0.000000,0.000000
orca,0,375000,0,375000,0,4.164000,19.485000,40.198000,156.578000,1345.570000,4362.557600,5209.806465,116063.372000,0.000000,0.000000,0.000000,0.000000,0.000000,0.000000,0.000000,0.000000
orca,0,400000,0,400000,0,4.654000,20.191000,40.458000,91.072000,570.185200,2660.124870,4268.251316,123587.052000,0.000000,0.000000,0.000000,0.000000,0.000000,0.000000,0.000000,0.000000
orca,0,425000,0,425000,0,3.847000,28.477000,64.823500,604.030250,2300.723100,5985.140050,6806.867344,118186.201000,0.000000,0.000000,0.000000,0.000000,0.000000,0.000000,0.000000,0.000000
orca,0,450000,0,450000,0,3.739000,54.959000,297.845000,1573.445500,3830.419400,7256.922230,8082.567060,70234.268000,0.000000,0.000000,0.000000,0.000000,0.000000,0.000000,0.000000,0.000000
orca,0,475000,0,475000,0,4.794000,507.624000,1769.940500,3151.224750,4805.126400,6126.979110,6429.841003,94479.632000,0.000000,0.000000,0.000000,0.000000,0.000000,0.000000,0.000000,0.000000
orca,0,500000,0,500000,0,6.094000,7725.918250,13900.087000,35654.729250,44859.931400,48209.342630,48632.905107,119389.543000,0.000000,0.000000,0.000000,0.000000,0.000000,0.000000,0.000000,0.000000
orca,0,0,0.01,0,0,0.000000,0.000000,0.000000,0.000000,0.000000,0.000000,0.000000,0.000000,0.000000,0.000000,0.000000,0.000000,0.000000,0.000000,0.000000,0.000000
orca,0,25000,0.01,24760,240,5.398000,11.060750,13.178500,17.874250,41.218400,87.584400,482.496176,5970.767000,1006.201000,1010.346500,1012.177500,1016.613250,1040.540700,1205.240980,2214.202632,2418.192000
orca,0,50000,0.01,49525,475,4.825000,9.348000,11.644000,18.542000,45.271800,72.324280,176.628684,1968.713000,1004.883000,1008.405000,1011.035000,1018.715000,1046.296800,1078.459340,1183.905594,1262.646000
orca,0,75000,0.01,74258,742,4.523000,9.914000,12.275000,16.145000,50.671200,277.695540,1419.090427,4439.436000,1003.833000,1009.001750,1011.171500,1014.984250,1050.029100,1352.829260,2073.819931,2272.711000
orca,0,100000,0.01,98993,1007,4.579000,10.327000,12.907000,17.200000,43.261000,364.736040,1217.415984,3632.705000,1004.436000,1009.497000,1012.006000,1016.244500,1051.053800,1295.648740,2134.980166,2306.973000
orca,0,125000,0.01,123785,1215,4.591000,10.709000,13.769000,18.758000,32.368000,154.957560,459.986800,8178.409000,1004.543000,1009.961000,1013.185000,1018.299000,1036.394800,1226.904160,1922.834942,3000.783000
orca,0,150000,0.01,148420,1580,4.525000,11.326000,15.157000,21.066250,35.261500,325.529460,1285.770259,3343.947000,1003.694000,1010.299500,1014.262000,1021.252250,1036.341500,1461.576800,3386.176493,7884.713000
orca,0,175000,0.01,173270,1730,4.325000,11.977000,16.720000,24.193000,41.918400,697.486700,2691.185647,6786.228000,1003.824000,1010.879000,1016.068500,1024.558750,1048.440600,1758.555720,3856.002083,4712.561000
orca,0,200000,0.01,198004,1996,4.409000,12.225000,17.764000,26.048250,43.624000,547.098460,1465.997991,24826.109000,1003.719000,1011.456250,1016.949500,1025.249000,1045.010500,1688.010250,2457.556285,4285.143000
orca,0,225000,0.01,222787,2213,4.400000,12.604000,19.397000,30.040000,77.376200,1214.935120,2090.351102,33543.963000,1003.687000,1011.417000,1018.016000,1029.080000,1086.909600,2179.557520,3493.490984,19672.732000
orca,0,250000,0.01,247627,2373,4.404000,14.136500,22.212000,34.150500,67.352800,1020.701640,1891.085094,12588.118000,1003.838000,1012.950000,1021.744000,1033.936000,1064.448800,2200.004960,3255.096872,6543.907000
orca,0,275000,0.01,272197,2803,4.383000,15.155000,25.637000,48.259000,307.405200,2012.182600,3193.212592,21105.677000,1003.706000,1014.222000,1024.650000,1049.621500,1337.063200,3006.668720,4379.347032,7144.955000
orca,0,300000,0.01,296972,3028,4.351000,17.529000,31.041000,101.320250,546.388500,3441.021660,4978.187352,58977.394000,1003.618000,1016.367000,1031.770000,1118.606500,1667.938600,4653.920880,6153.253838,16389.767000
orca,0,325000,0.01,321802,3198,4.370000,21.386250,40.267000,177.538500,575.797700,2587.215820,4465.883164,36121.718000,1003.571000,1021.065750,1040.564500,1192.878500,1594.187200,3951.218740,9882.805815,21541.885000
orca,0,350000,0.01,346410,3590,4.221000,27.956000,81.806000,425.826750,1365.969100,4257.488030,4833.999486,106776.775000,1003.453000,1027.416500,1079.092500,1432.158250,2422.475300,5206.133690,5911.254200,10603.578000
orca,0,375000,0.01,371224,3776,4.333000,40.998000,239.368000,842.098000,1561.536500,2989.873080,4091.485553,112300.685000,1003.580000,1040.227000,1239.716500,1837.471250,2509.680000,3963.512500,8552.862050,42580.786000
orca,0,400000,0.01,396032,3968,4.454000,492.625750,1665.072000,3709.413000,5779.911500,7134.667630,8086.497491,104088.829000,1003.562000,1483.469750,2657.323500,4710.245000,6761.330400,8101.120610,9170.128893,42212.422000
orca,0,425000,0.01,420833,4167,4.473000,9170.213000,14288.471000,22147.727000,31466.143200,34287.278520,34988.075424,89484.301000,1004.525000,10276.417500,15900.698000,23646.185000,32482.153600,35269.234740,35927.591328,39489.495000
orca,0,450000,0.01,445507,4493,4.676000,21410.428000,43073.124000,69554.745000,80763.257200,82506.217880,83006.909872,174773.748000,1006.633000,22351.560000,44008.489000,70361.799000,81151.398400,83470.338080,83933.209920,88974.990000
orca,0,475000,0.01,470262,4738,4.534000,37818.026750,83718.821500,130065.147500,154250.720400,160320.778210,160770.686692,193995.941000,1021.265000,39755.565750,84154.448500,129508.570750,154699.141600,161261.295910,161560.714716,165438.630000
orca,0,500000,0.01,495041,4959,6.081000,46527.725000,103534.734000,149929.375000,178283.927000,197007.791000,198280.281360,262732.704000,1013.288000,48211.562500,103278.048000,152349.359000,182850.890200,197920.272540,199213.567684,199318.399000
orca,0,0,0.1,0,0,0.000000,0.000000,0.000000,0.000000,0.000000,0.000000,0.000000,0.000000,0.000000,0.000000,0.000000,0.000000,0.000000,0.000000,0.000000,0.000000
orca,0,25000,0.1,22480,2520,5.281000,10.223750,12.624000,20.706000,39.884200,239.407000,2152.936535,2412.198000,1004.471000,1009.340250,1011.683500,1023.777000,1040.140300,1241.317630,3120.912632,3286.481000
orca,0,50000,0.1,44878,5122,4.566000,11.103000,17.439500,52.251750,243.461400,883.389830,1442.209194,2025.903000,1003.956000,1010.124000,1016.662500,1054.204000,1249.163500,1934.221260,2582.051610,8020.735000
orca,0,75000,0.1,67435,7565,5.765000,28098.719500,39999.663000,49624.054500,51266.413400,53526.236260,54819.016080,263353.727000,1007.385000,28804.900000,40831.739000,50531.217000,52219.462200,54519.398760,55900.708444,57286.560000
orca,0,100000,0.1,90130,9870,7.215000,97511.091500,179536.376500,380970.476250,490273.047500,517306.011900,520587.312158,723010.046000,1010.029000,99262.668000,198462.869500,382053.970750,490539.085400,518597.039790,522063.357737,524866.543000
orca,0,125000,0.1,112499,12501,5.921000,190807.162500,372660.147000,577880.486000,685746.090600,750379.957480,756931.096370,758093.405000,1011.892000,192949.324000,374078.340000,579725.514000,688048.531000,751498.244000,757974.967000,759078.380000
orca,0,150000,0.1,135054,14946,6.206000,287663.770250,557716.153500,863583.495250,1008859.134200,1102747.162880,1109597.693109,1112361.267000,1005.152000,279952.537500,548493.607500,858902.547000,1008513.790000,1102003.482600,1110158.060095,1269457.181000
orca,0,175000,0.1,157449,17551,7.387000,365466.634000,716269.223000,1077417.986000,1289316.735200,1419691.177320,1433868.561144,1434614.372000,1008.282000,367116.282000,720837.420000,1077103.322500,1294851.344000,1421354.690500,1434263.905550,1435582.408000
orca,0,200000,0.1,179910,20090,5.464000,470529.134000,900105.176000,1324707.006750,1656040.618100,1814357.214810,1828063.039243,1832242.605000,1005.630000,458411.238000,895569.648000,1339064.316750,1653905.439200,1814080.572880,1828998.609212,1830717.419000
orca,0,225000,0.1,202377,22623,9.274000,758837.271000,1386213.670000,1759253.390000,2111767.869000,2386709.733920,2414181.405472,2416391.187000,1007.081000,770339.585500,1396934.242000,1760962.502000,2113269.398200,2386884.608860,2414270.423740,2417349.741000
orca,0,250000,0.1,224799,25201,7.135000,636456.689000,1257112.855000,2549659.932500,2926090.784400,3149278.056680,3172297.967664,3178115.813000,1014.850000,634044.483000,1250556.227000,2546866.346000,2928811.796000,3150520.701000,3172677.088600,3175087.299000
orca,0,275000,0.1,247450,27550,6.182000,726075.745000,1408465.478000,2158927.662000,2572160.523000,2978657.846490,3000802.335835,3002961.051000,1007.423000,720870.520750,1408557.456500,2156173.919500,2567492.893100,2976911.006620,3001032.027153,3003742.119000
orca,0,300000,0.1,269876,30124,6.089000,828616.006250,1645205.243000,2924177.230250,3398019.356000,3689136.396250,3717376.851375,3723453.384000,1012.936000,828655.902000,1643140.107500,2928005.017750,3410486.239600,3691076.128950,3718940.277736,3722415.957000
orca,0,325000,0.1,292444,32556,5.435000,970911.199000,1882899.602500,2886274.051000,3701835.854100,4036766.606700,4068574.706434,4143487.991000,1008.603000,980072.788500,1875895.805500,2878402.790500,3699153.707000,4039318.819350,4070211.636905,4073676.987000
orca,0,350000,0.1,315017,34983,6.051000,986485.174000,2163971.803000,3300460.760000,4247779.712200,4586759.900440,4618032.625112,4715312.656000,1007.706000,973613.980000,2145780.142000,3298090.809500,4248256.086600,4585271.904740,4618788.649380,4622547.455000
orca,0,375000,0.1,337703,37297,4.681000,1223348.455500,2278634.674000,3289528.738000,4049670.868200,4521030.277520,4569356.327736,4573730.064000,1004.678000,1237594.334000,2290112.705000,3293003.246000,4055716.117000,4524250.931800,4569358.362424,4574627.029000
orca,0,400000,0.1,359801,40199,7.452000,1172727.956000,2308278.612000,3706897.258000,4554742.342000,4953972.177000,4992525.847800,4998927.493000,1011.187000,1159038.302000,2303806.400000,3697163.091500,4552485.219000,4953766.111280,4993656.323172,4998090.483000
orca,0,0,0.5,0,0,0.000000,0.000000,0.000000,0.000000,0.000000,0.000000,0.000000,0.000000,0.000000,0.000000,0.000000,0.000000,0.000000,0.000000,0.000000,0.000000
orca,0,25000,0.5,12566,12434,8.669000,165175.338500,323428.754500,481682.239250,570671.509000,619947.520650,624676.618890,625595.614000,1010.079000,164963.423750,322281.711500,477510.558750,568755.784000,620598.376530,625754.722873,626449.234000
orca,0,50000,0.5,25015,24985,12.055000,556459.539000,1131119.280000,1697459.135000,2052163.370200,2257209.273580,2276686.624738,2278725.589000,1009.274000,572025.442000,1140736.067000,1707592.838000,2051760.515200,2257040.601560,2277424.384480,2281747.774000
orca,0,75000,0.5,37332,37668,9.629000,972012.260000,1943083.095000,3085108.241500,3701496.724900,4048978.427180,4087651.521774,4091969.675000,1006.481000,987864.151000,1957176.690500,3108998.546250,3699825.791800,4053176.067070,4088683.729379,4092763.830000
orca,0,100000,0.5,49799,50201,18.296000,1418939.534000,2820497.588000,4253079.534500,5013289.366000,5088646.224060,5096373.964974,5101314.082000,1008.955000,1403319.514000,2793517.351000,4244772.608000,5012249.636000,5088790.060000,5096639.769600,5102335.481000
