sched_type,preemption_interval_us,throughput,proportion_long_jobs,num_short,num_long,short_0_pct,short_25_pct,short_50_pct,short_75_pct,short_90_pct,short_99_pct,short_99.9_pct,short_100_pct,long_0_pct,long_25_pct,long_50_pct,long_75_pct,long_90_pct,long_99_pct,long_99.9_pct,long_100_pct
dFCFS,0,0,0,0,0,0.000000,0.000000,0.000000,0.000000,0.000000,0.000000,0.000000,0.000000,0.000000,0.000000,0.000000,0.000000,0.000000,0.000000,0.000000,0.000000
dFCFS,0,25000,0,25000,0,5.432000,11.280750,13.074000,15.718500,39.807000,74.470120,393.683360,900.945000,0.000000,0.000000,0.000000,0.000000,0.000000,0.000000,0.000000,0.000000
dFCFS,0,50000,0,50000,0,4.393000,9.870000,12.210000,15.028000,44.623200,75.820290,188.240333,3143.472000,0.000000,0.000000,0.000000,0.000000,0.000000,0.000000,0.000000,0.000000
dFCFS,0,75000,0,75000,0,4.884000,9.777000,12.192000,15.655000,47.686000,84.468270,257.570213,3016.095000,0.000000,0.000000,0.000000,0.000000,0.000000,0.000000,0.000000,0.000000
dFCFS,0,100000,0,100000,0,4.866000,10.300000,12.677000,16.471000,33.600300,185.327330,1072.102091,2759.071000,0.000000,0.000000,0.000000,0.000000,0.000000,0.000000,0.000000,0.000000
dFCFS,0,125000,0,125000,0,4.573000,10.618000,13.286000,17.846000,32.461400,263.977600,905.097105,4879.027000,0.000000,0.000000,0.000000,0.000000,0.000000,0.000000,0.000000,0.000000
dFCFS,0,150000,0,150000,0,4.402000,11.130000,14.393000,21.070000,41.139100,722.243890,1616.104704,4258.560000,0.000000,0.000000,0.000000,0.000000,0.000000,0.000000,0.000000,0.000000
dFCFS,0,175000,0,175000,0,4.178000,11.405750,15.024000,21.456000,38.148200,605.902380,1456.870983,7373.751000,0.000000,0.000000,0.000000,0.000000,0.000000,0.000000,0.000000,0.000000
dFCFS,0,200000,0,200000,0,3.967000,10.446000,14.382000,21.411000,38.321200,781.282130,1887.328833,7402.338000,0.000000,0.000000,0.000000,0.000000,0.000000,0.000000,0.000000,0.000000
dFCFS,0,225000,0,225000,0,4.210000,12.217000,17.476000,27.456000,45.210100,795.035590,2414.782311,7004.998000,0.000000,0.000000,0.000000,0.000000,0.000000,0.000000,0.000000,0.000000
dFCFS,0,250000,0,250000,0,4.446000,12.331000,17.898500,27.257250,43.877100,546.092830,925.864524,6120.829000,0.000000,0.000000,0.000000,0.000000,0.000000,0.000000,0.000000,0.000000
dFCFS,0,275000,0,275000,0,4.214000,12.702000,20.290000,34.841000,65.690100,1002.642730,1701.838383,10887.576000,0.000000,0.000000,0.000000,0.000000,0.000000,0.000000,0.000000,0.000000
dFCFS,0,300000,0,300000,0,4.042000,12.596000,20.617000,35.302000,68.877200,1186.589190,2168.074637,28104.240000,0.000000,0.000000,0.000000,0.000000,0.000000,0.000000,0.000000,0.000000
dFCFS,0,325000,0,325000,0,4.620000,12.836000,21.762000,37.106250,61.007000,884.553820,1493.682298,151969.252000,0.000000,0.000000,0.000000,0.000000,0.000000,0.000000,0.000000,0.000000
dFCFS,0,350000,0,350000,0,3.797000,15.047000,27.784000,49.941000,105.561200,1219.563420,1581.363359,121712.942000,0.000000,0.000000,0.000000,0.000000,0.000000,0.000000,0.000000,0.000000
dFCFS,0,375000,0,375000,0,3.873000,18.311000,37.422000,89.102500,823.327900,3892.048450,4840.658025,118296.964000,0.000000,0.000000,0.000000,0.000000,0.000000,0.000000,0.000000,0.000000
dFCFS,0,400000,0,400000,0,3.840000,21.400000,45.233000,153.101250,1021.595300,3387.831130,4243.937441,109669.492000,0.000000,0.000000,0.000000,0.000000,0.000000,0.000000,0.000000,0.000000
dFCFS,0,425000,0,425000,0,3.707000,24.940000,51.520000,154.903250,1073.940400,4002.994050,5313.328029,118136.525000,0.000000,0.000000,0.000000,0.000000,0.000000,0.000000,0.000000,0.000000
dFCFS,0,450000,0,450000,0,3.965000,48.690000,138.980500,675.703000,1393.511600,2993.082320,3465.373222,111589.415000,0.000000,0.000000,0.000000,0.000000,0.000000,0.000000,0.000000,0.000000
dFCFS,0,475000,0,475000,0,4.066000,37.952000,95.665000,847.735250,2795.980900,6622.400290,7315.708028,100414.293000,0.000000,0.000000,0.000000,0.000000,0.000000,0.000000,0.000000,0.000000
dFCFS,0,500000,0,500000,0,3.866000,380.764000,996.763500,2442.147500,7074.368300,8697.907110,8885.274074,101451.779000,0.000000,0.000000,0.000000,0.000000,0.000000,0.000000,0.000000,0.000000
dFCFS,0,0,0.01,0,0,0.000000,0.000000,0.000000,0.000000,0.000000,0.000000,0.000000,0.000000,0.000000,0.000000,0.000000,0.000000,0.000000,0.000000,0.000000,0.000000
dFCFS,0,25000,0.01,24754,246,4.624000,11.139000,13.276000,17.467000,41.015400,91.004580,1269.674413,2154.976000,1006.035000,1010.931000,1012.679000,1021.539500,1039.879500,1074.482050,3487.555730,4259.317000
dFCFS,0,50000,0.01,49470,530,4.739000,9.764000,12.124000,15.682500,45.110000,81.603650,312.916266,2334.955000,1004.118000,1009.045750,1011.246000,1014.765000,1043.624100,1092.593790,1670.280837,2060.549000
dFCFS,0,75000,0.01,74274,726,4.136000,9.807000,12.301500,16.277500,46.871500,80.501810,185.549650,2680.884000,1004.722000,1008.771000,1011.296000,1015.402750,1044.422000,1082.310750,4133.851400,6072.252000
dFCFS,0,100000,0.01,99040,960,4.586000,10.330000,13.049000,17.539000,46.063100,219.020740,622.168021,4181.932000,1004.232000,1009.491000,1012.209500,1017.477250,1053.419200,1343.795590,1660.323577,1682.090000
dFCFS,0,125000,0.01,123679,1321,4.627000,10.964000,14.212000,19.667000,41.730600,461.396180,1488.527912,4376.036000,1004.292000,1010.188000,1013.310000,1019.061000,1044.989000,1505.438000,2594.804840,6514.709000
dFCFS,0,150000,0.01,148522,1478,4.507000,11.439000,15.192000,20.891000,37.123700,843.669430,2329.064927,7084.480000,1004.230000,1010.745500,1014.185000,1020.217500,1036.875900,1847.514100,3004.357952,3530.565000
dFCFS,0,175000,0.01,173213,1787,3.903000,12.022000,16.724000,23.821000,39.086200,369.086120,957.466924,3548.833000,1004.003000,1011.537000,1016.155000,1024.238500,1043.448000,1493.240540,2567.151664,6048.788000
dFCFS,0,200000,0.01,198031,1969,4.400000,12.633000,18.090000,26.304000,46.148000,1258.922000,2804.088770,22721.614000,1003.745000,1011.503000,1017.073000,1025.568000,1053.622600,2410.092280,4113.438888,8097.493000
dFCFS,0,225000,0.01,222757,2243,4.406000,12.371000,18.743000,28.446000,53.459000,1155.333720,2346.008156,127069.641000,1003.595000,1011.658000,1018.152000,1027.537500,1062.598200,2220.626420,3236.032264,3707.025000
dFCFS,0,250000,0.01,247459,2541,4.405000,13.859500,22.155000,35.014000,101.710200,949.574700,1826.642100,37154.813000,1003.521000,1013.407000,1021.607000,1034.457000,1123.895000,1931.795400,2875.477780,6855.936000
dFCFS,0,275000,0.01,272166,2834,4.243000,16.147000,26.342500,47.777750,303.355500,1993.531950,2668.668415,25335.888000,1003.540000,1015.346500,1026.511500,1049.631500,1338.671100,3122.003570,4457.951219,8138.797000
dFCFS,0,300000,0.01,296999,3001,4.390000,17.401000,29.979000,89.143000,602.536000,3832.415660,4606.940874,50226.204000,1003.735000,1016.434000,1030.087000,1105.681000,1742.504000,4830.003000,5768.295000,9906.766000
dFCFS,0,325000,0.01,321694,3306,3.729000,19.828000,35.830000,160.798750,498.359700,2756.941900,4694.258691,82390.083000,1003.628000,1019.136500,1035.135000,1149.728750,1487.186500,4171.114400,6081.333525,27338.579000
dFCFS,0,350000,0.01,346550,3450,4.366000,25.721000,59.416000,370.126000,1192.168100,4182.654340,4910.230400,41962.517000,1003.633000,1025.241000,1065.400500,1404.930250,2348.577100,5220.496020,6155.149610,11773.597000
dFCFS,0,375000,0.01,371199,3801,4.388000,44.344000,302.276000,907.568500,2114.999200,5401.535140,6189.260582,52053.604000,1003.504000,1044.266000,1287.533000,1889.791000,3112.398000,6581.271000,7112.433800,22813.831000
dFCFS,0,400000,0.01,396048,3952,4.405000,325.300000,1369.650500,2902.777750,4343.225100,5770.925430,6502.931980,62281.615000,1003.714000,1360.825250,2450.787500,3972.915000,5345.379700,6714.071720,7468.366668,8823.764000
dFCFS,0,425000,0.01,420784,4216,9.555000,7318.594750,8877.621000,18484.430000,21673.234000,24915.960090,25307.413928,98266.779000,1086.385000,8280.390250,9872.040500,19681.699250,22672.381000,25881.674150,26283.400920,94965.695000
dFCFS,0,450000,0.01,445596,4404,10.775000,16905.330750,36451.581000,52793.576000,67913.344500,73210.556800,73604.683445,124825.306000,1081.597000,18328.542250,37422.609500,53888.190500,69413.732700,74167.733930,74645.706482,76648.774000
dFCFS,0,475000,0.01,470158,4842,4.993000,44980.795750,80344.961000,121389.577000,145167.516700,152937.521970,154016.786420,183315.764000,1006.699000,44977.264000,80675.071500,121829.235750,144972.415500,153867.581370,154928.953316,155110.277000
dFCFS,0,500000,0.01,495029,4971,5.923000,58868.816000,114488.805000,173418.857000,197610.870200,220683.228600,221071.619568,255903.185000,1005.654000,59826.589000,118732.864000,174556.577500,204028.304000,221492.085300,222048.991090,223208.865000
dFCFS,0,0,0.1,0,0,0.000000,0.000000,0.000000,0.000000,0.000000,0.000000,0.000000,0.000000,0.000000,0.000000,0.000000,0.000000,0.000000,0.000000,0.000000,0.000000
dFCFS,0,25000,0.1,22524,2476,4.960000,10.168750,12.419000,17.193250,38.118800,60.378260,246.009246,726.571000,1004.741000,1009.198250,1011.475500,1015.486250,1037.616000,1076.897250,1408.364650,2687.778000
dFCFS,0,50000,0.1,44933,5067,4.514000,11.022000,15.824000,46.815000,254.028200,747.909120,1329.021380,3209.797000,1003.961000,1010.182000,1015.527000,1056.105500,1263.794400,1755.071600,2322.225434,6360.213000
dFCFS,0,75000,0.1,67580,7420,5.795000,11029.512000,13864.806000,29561.148750,33298.709800,35140.647350,35646.611230,35981.116000,1007.330000,12020.787500,14932.819500,30552.490000,34240.422700,36087.875190,36528.509864,36759.005000
dFCFS,0,100000,0.1,89899,10101,5.675000,109845.310000,204312.687000,304615.166500,361730.298600,397776.738120,402254.598664,507293.102000,1009.409000,111309.670000,209484.157000,307877.972000,363642.219000,399377.511000,403240.790100,403736.348000
dFCFS,0,125000,0.1,112485,12515,10.249000,189589.662000,375387.140000,580803.359000,691646.961800,754035.328280,758859.844528,759738.497000,1006.644000,193172.538000,378961.093000,581428.829500,692301.721400,754456.134960,759808.033612,760596.003000
dFCFS,0,150000,0.1,135089,14911,6.247000,258968.940000,526361.221000,824546.757000,973359.995800,1063042.023680,1073431.525296,1076253.808000,1008.643000,266275.810000,530707.968000,822152.333000,974044.158000,1064386.364800,1074320.319020,1074972.910000
dFCFS,0,175000,0.1,157473,17527,7.762000,365007.509000,710064.831000,1055550.213000,1280168.572400,1406288.743600,1416751.191752,1533143.600000,1015.007000,365597.958000,714914.752000,1062579.913500,1281702.805800,1406911.062360,1418528.245538,1420258.443000
dFCFS,0,200000,0.1,179940,20060,8.217000,446147.052750,901412.096000,1344536.153000,1605926.493200,1760897.654970,1775941.786528,1961017.221000,1006.090000,446283.509750,909200.592500,1342395.283000,1606454.792200,1761289.281370,1776453.404505,1778318.473000
dFCFS,0,225000,0.1,202564,22436,7.297000,548825.661250,1060832.549500,1597503.803000,1997260.087400,2293047.198100,2308544.683353,2310390.714000,1009.638000,538250.440500,1054250.354000,1590151.349000,1958381.421500,2291605.260750,2309177.371725,2311285.835000
dFCFS,0,250000,0.1,224861,25139,11.486000,629183.340000,1232906.708000,1841603.514000,2216209.177000,2428002.158400,2453409.581020,2458457.572000,1012.523000,631051.151500,1239831.730000,1846778.119000,2216219.776400,2432238.785840,2454447.254110,2456949.438000
dFCFS,0,275000,0.1,247715,27285,6.453000,714843.708000,1397005.380000,2092926.537500,2502206.721800,2758339.752760,2781525.903906,2783830.180000,1004.787000,713486.029000,1395860.637000,2099105.908000,2505512.824800,2757488.605880,2781793.115628,2784267.702000
dFCFS,0,300000,0.1,269829,30171,8.794000,801044.489000,1598837.164000,2514748.768000,2983868.547000,3264428.854320,3290788.598648,3292854.760000,1028.971000,806842.367000,1604839.110000,2511481.751500,2980145.095000,3263348.296000,3290945.407010,3295836.094000
dFCFS,0,325000,0.1,292281,32719,9.622000,892218.982000,1743548.565000,2632908.578000,3147264.174000,3511808.987200,3545427.730560,3549708.220000,1008.722000,892782.596000,1756155.847000,2644396.424500,3165088.717800,3515979.360540,3547334.645896,3550637.107000
dFCFS,0,350000,0.1,314933,35067,5.419000,962533.145000,1896498.171000,2857796.741000,3444504.508200,3783112.653560,3814969.484972,3821017.257000,1014.385000,974991.300500,1920636.244000,2873879.535000,3444105.601000,3782444.951420,3815978.518970,3820031.338000
dFCFS,0,375000,0.1,337478,37522,5.814000,1062366.604750,2081917.285000,3117385.996250,3735767.323200,4126837.860400,4161191.750711,4164997.502000,1015.278000,1066208.220750,2097680.087000,3130207.727250,3749719.800800,4125374.086560,4161887.278589,4166038.037000
dFCFS,0,400000,0.1,360224,39776,14.899000,1116922.355000,2231124.493500,3361883.143250,4034984.784500,4432727.082210,4472259.133578,4477920.553000,1016.590000,1131285.396750,2246453.757500,3356630.467750,4035492.804000,4433117.780500,4472708.067975,4476905.044000
dFCFS,0,425000,0.1,382264,42736,19.673000,1246713.376250,2644182.443000,3992193.700000,4716679.436300,5025852.752480,5033319.603122,5038097.525000,1014.150000,1251759.883500,2655631.754000,3980443.699750,4713372.158500,5025788.995200,5033907.095890,5038968.475000
dFCFS,0,0,0.5,0,0,0.000000,0.000000,0.000000,0.000000,0.000000,0.000000,0.000000,0.000000,0.000000,0.000000,0.000000,0.000000,0.000000,0.000000,0.000000,0.000000
dFCFS,0,25000,0.5,12492,12508,24.949000,155261.557000,321705.869500,479686.342750,573323.115600,633765.439050,638209.119516,638610.378000,1026.389000,161551.388250,322208.265500,479889.954250,574583.183600,633814.733190,639061.596727,639503.314000
dFCFS,0,50000,0.5,25206,24794,13.208000,569570.949750,1127559.797000,1707744.975250,2049356.857500,2251082.642100,2269220.592045,3077615.290000,1012.074000,585203.008750,1147373.255500,1713537.794000,2050578.841200,2251373.888980,2271015.355049,2275572.132000
dFCFS,0,75000,0.5,37327,37673,8.512000,970765.532500,1919434.257000,2908698.500500,3482343.896000,3827946.316200,3868723.500374,3872769.307000,1007.453000,989324.098000,1954379.628000,2921800.691000,3492852.431400,3835131.110720,3870130.383944,3873767.768000
dFCFS,0,100000,0.5,49941,50059,949.174000,1372677.084000,2758652.007000,4114870.846000,4930073.598000,5085495.464600,5135997.339920,5141269.174000,1013.729000,1388796.317500,2787482.419000,4134303.174500,4941887.047600,5088246.459840,5137004.359766,5142278.769000
cFCFS,500,0,0,0,0,0.000000,0.000000,0.000000,0.000000,0.000000,0.000000,0.000000,0.000000,0.000000,0.000000,0.000000,0.000000,0.000000,0.000000,0.000000,0.000000
cFCFS,500,25000,0,25000,0,4.610000,10.796750,12.638000,14.480000,19.833700,39.535730,98.936720,444.452000,0.000000,0.000000,0.000000,0.000000,0.000000,0.000000,0.000000,0.000000
cFCFS,500,50000,0,50000,0,4.892000,10.023000,11.933000,13.906250,21.823000,44.423580,165.632353,6064.679000,0.000000,0.000000,0.000000,0.000000,0.000000,0.000000,0.000000,0.000000
cFCFS,500,75000,0,75000,0,3.828000,10.066000,12.227000,15.135000,24.786000,110.250540,485.813937,2468.311000,0.000000,0.000000,0.000000,0.000000,0.000000,0.000000,0.000000,0.000000
cFCFS,500,100000,0,100000,0,3.887000,10.603000,13.040000,16.559000,24.263400,55.628080,333.129147,3069.122000,0.000000,0.000000,0.000000,0.000000,0.000000,0.000000,0.000000,0.000000
cFCFS,500,125000,0,125000,0,4.807000,11.021000,13.798000,18.014000,27.355200,223.716240,910.799008,2083.671000,0.000000,0.000000,0.000000,0.000000,0.000000,0.000000,0.000000,0.000000
cFCFS,500,150000,0,150000,0,3.677000,11.303000,14.624000,19.533000,29.223000,144.907520,457.824110,2558.984000,0.000000,0.000000,0.000000,0.000000,0.000000,0.000000,0.000000,0.000000
cFCFS,500,175000,0,175000,0,3.761000,11.809000,15.778000,21.557000,33.490300,300.568310,702.232021,2601.471000,0.000000,0.000000,0.000000,0.000000,0.000000,0.000000,0.000000,0.000000
cFCFS,500,200000,0,200000,0,3.980000,12.152000,16.708000,22.808000,33.497000,560.455470,1567.017093,6058.549000,0.000000,0.000000,0.000000,0.000000,0.000000,0.000000,0.000000,0.000000
cFCFS,500,225000,0,225000,0,3.721000,12.918000,18.707000,26.402000,46.913100,870.770710,1853.604507,6304.149000,0.000000,0.000000,0.000000,0.000000,0.000000,0.000000,0.000000,0.000000
cFCFS,500,250000,0,250000,0,3.680000,12.845000,18.995000,26.747000,42.805000,539.414490,1543.348564,2664.518000,0.000000,0.000000,0.000000,0.000000,0.000000,0.000000,0.000000,0.000000
cFCFS,500,275000,0,275000,0,3.590000,13.008000,19.873000,28.489000,46.629500,690.428800,2130.742166,5747.585000,0.000000,0.000000,0.000000,0.000000,0.000000,0.000000,0.000000,0.000000
cFCFS,500,300000,0,300000,0,4.070000,12.815000,20.244000,29.198000,46.396000,581.211280,1414.803560,5859.291000,0.000000,0.000000,0.000000,0.000000,0.000000,0.000000,0.000000,0.000000
cFCFS,500,325000,0,325000,0,4.471000,13.358000,21.830000,32.359000,63.818300,818.397070,2073.267538,5838.748000,0.000000,0.000000,0.000000,0.000000,0.000000,0.000000,0.000000,0.000000
cFCFS,500,350000,0,350000,0,4.426000,14.148000,23.292000,34.568000,69.081800,1923.941870,3141.282066,5985.564000,0.000000,0.000000,0.000000,0.000000,0.000000,0.000000,0.000000,0.000000
cFCFS,500,375000,0,375000,0,3.901000,15.541000,26.976000,43.822250,221.378800,1639.493650,3410.258164,6076.537000,0.000000,0.000000,0.000000,0.000000,0.000000,0.000000,0.000000,0.000000
cFCFS,500,400000,0,400000,0,3.994000,15.359000,26.135000,38.668000,67.367100,1185.202460,3237.709058,7257.670000,0.000000,0.000000,0.000000,0.000000,0.000000,0.000000,0.000000,0.000000
cFCFS,500,425000,0,425000,0,3.946000,16.347000,27.899000,41.882000,87.071600,1036.918020,1360.301085,6022.263000,0.000000,0.000000,0.000000,0.000000,0.000000,0.000000,0.000000,0.000000
cFCFS,500,450000,0,450000,0,3.743000,18.066000,31.028000,53.020250,597.634600,4654.079250,6716.122114,7820.733000,0.000000,0.000000,0.000000,0.000000,0.000000,0.000000,0.000000,0.000000
cFCFS,500,475000,0,475000,0,3.657000,21.496000,37.781500,154.311250,1178.211200,7655.086010,9438.139338,10357.567000,0.000000,0.000000,0.000000,0.000000,0.000000,0.000000,0.000000,0.000000
cFCFS,500,500000,0,500000,0,3.699000,20.535000,35.192000,61.190250,309.725200,947.549380,1352.880178,12924.338000,0.000000,0.000000,0.000000,0.000000,0.000000,0.000000,0.000000,0.000000
cFCFS,500,0,0.01,0,0,0.000000,0.000000,0.000000,0.000000,0.000000,0.000000,0.000000,0.000000,0.000000,0.000000,0.000000,0.000000,0.000000,0.000000,0.000000,0.000000
cFCFS,500,25000,0.01,24744,256,3.923000,10.607000,12.501000,14.366250,21.807700,43.843000,208.545257,844.875000,1005.735000,1009.774000,1012.139500,1016.116500,1030.210500,1056.399100,1146.447700,1159.315000
cFCFS,500,50000,0.01,49499,501,4.213000,9.848000,11.770000,14.018000,24.161000,66.060300,591.642698,1650.648000,1005.477000,1009.177000,1011.517000,1018.127000,1032.393000,1392.000000,1626.294000,1660.846000
cFCFS,500,75000,0.01,74230,770,3.989000,10.188000,12.561000,16.528750,34.686500,4012.524350,5120.664116,5872.140000,1005.504000,1009.658250,1012.605000,1022.662250,1048.123300,4807.421450,6210.688872,6305.362000
cFCFS,500,100000,0.01,99038,962,3.852000,10.566000,13.339000,17.643000,30.458300,210.497160,649.172150,3349.259000,1004.440000,1010.371250,1014.212500,1024.460000,1049.476200,1393.633170,2002.402245,3307.397000
cFCFS,500,125000,0.01,123751,1249,3.877000,11.039000,14.320000,18.963000,27.946000,101.102000,311.959000,1998.225000,1004.667000,1010.592000,1014.453000,1022.499000,1049.605200,1264.790640,2817.788968,3183.844000
cFCFS,500,150000,0.01,148498,1502,4.499000,11.357000,15.314500,20.620000,29.849300,169.294620,509.184078,2596.068000,1004.097000,1011.163500,1015.951000,1024.303000,1053.167300,1225.408370,1799.396461,1967.611000
cFCFS,500,175000,0.01,173278,1722,3.759000,11.949000,16.978000,23.597000,40.120200,556.547820,1551.387942,6073.207000,1003.696000,1012.082500,1018.316000,1032.247500,1077.802700,1548.182260,2648.765980,3647.673000
cFCFS,500,200000,0.01,198009,1991,3.619000,13.145000,19.611000,28.325000,59.794400,1040.353680,2086.515288,5881.428000,1004.069000,1013.251500,1020.965000,1036.887500,1106.216000,2157.036600,3398.757130,6516.983000
cFCFS,500,225000,0.01,222704,2296,4.383000,13.483000,20.711000,29.615000,58.518100,1116.888720,2918.612511,7208.128000,1003.799000,1013.982000,1022.366000,1041.294250,1114.592000,2089.082350,4104.095555,4843.914000
cFCFS,500,250000,0.01,247643,2357,4.434000,14.964000,23.226000,33.975500,71.016600,911.508260,2425.259404,3444.102000,1003.713000,1016.015000,1025.789000,1045.445000,1139.675400,1783.585280,3356.018588,3606.618000
cFCFS,500,275000,0.01,272358,2642,4.462000,16.054000,25.771000,40.007750,100.053100,1470.843610,2928.186932,5857.194000,1003.755000,1017.075750,1028.273500,1061.516750,1217.478800,2604.307240,4298.193537,6017.957000
cFCFS,500,300000,0.01,297083,2917,4.142000,17.512500,28.472000,47.089500,126.354600,1077.933220,1613.743402,6448.117000,1003.604000,1019.045000,1032.896000,1079.930000,1223.595200,2256.875800,2658.923812,4091.759000
cFCFS,500,325000,0.01,321722,3278,4.333000,19.281000,32.028000,74.734000,231.187000,1470.024000,2035.703876,6158.382000,1003.538000,1021.157750,1038.934500,1133.851000,1376.549300,2681.151430,3095.332009,6811.689000
cFCFS,500,350000,0.01,346538,3462,3.966000,21.176000,36.130000,89.707500,292.170600,1123.419540,1560.153029,6019.172000,1003.580000,1023.263750,1044.502500,1166.495250,1432.643900,2279.213380,2870.954019,3181.905000
cFCFS,500,375000,0.01,371225,3775,4.304000,25.169000,45.358000,158.312000,410.293000,1211.212760,1610.974744,6036.656000,1003.510000,1027.276000,1067.370000,1246.809000,1502.718400,2338.860060,3200.952056,3861.621000
cFCFS,500,400000,0.01,396049,3951,4.375000,32.289000,80.994000,304.758000,1025.225000,4821.572040,6116.951800,6646.959000,1003.461000,1037.288500,1122.173000,1416.387500,2153.211000,5708.697500,7158.595450,7520.444000
cFCFS,500,425000,0.01,420787,4213,4.361000,51.325500,213.113000,758.857000,1731.488800,3674.699000,4416.586338,6491.836000,1003.624000,1067.112000,1264.989000,1855.624000,2870.280200,4802.437320,5468.439096,6824.559000
cFCFS,500,450000,0.01,445462,4538,4.349000,495.271250,1585.397500,2803.272500,4370.602300,6165.814510,6615.553872,11781.167000,1003.949000,1563.383750,2630.070000,3935.369750,5478.301300,7221.235050,8062.562243,10222.464000
cFCFS,500,475000,0.01,470267,4733,4.458000,16630.694000,25004.494000,30651.512500,32705.621800,34738.698560,34978.204702,35577.759000,1004.049000,17732.311000,26128.638000,31720.354000,33833.972000,35785.540440,36435.575408,38306.358000
cFCFS,500,500000,0.01,494942,5058,6.477000,19449.055250,25950.051000,33224.585750,42147.896400,50408.717100,50952.177729,55247.026000,1005.902000,20207.102000,27020.689000,34359.741750,46116.306000,51515.707550,52084.551248,52526.000000
cFCFS,500,0,0.1,0,0,0.000000,0.000000,0.000000,0.000000,0.000000,0.000000,0.000000,0.000000,0.000000,0.000000,0.000000,0.000000,0.000000,0.000000,0.000000,0.000000
cFCFS,500,25000,0.1,22483,2517,5.642000,9.610500,11.328000,13.565500,22.063400,51.585700,166.480912,909.068000,1004.810000,1008.974000,1011.049000,1016.125000,1034.582400,1186.371840,1375.787700,1395.286000
cFCFS,500,50000,0.1,44985,5015,4.669000,9.884000,12.979000,22.948000,64.016800,295.415640,503.784704,2333.697000,1003.846000,1009.559000,1014.719000,1045.353000,1148.887600,1411.547980,1734.147342,6535.409000
cFCFS,500,75000,0.1,67533,7467,3.804000,20.934000,156.324000,484.521000,1282.891200,4934.669160,5672.511216,6143.148000,1003.801000,1041.962000,1220.334000,1557.636000,2428.356800,6004.570080,6855.427916,8743.054000
cFCFS,500,100000,0.1,89813,10187,5.891000,46946.223000,88413.100000,149123.900000,183901.758200,199344.362840,202529.004924,204234.129000,1010.354000,48213.497000,95372.865000,151323.127000,184950.097400,200706.963900,203480.806228,203792.912000
cFCFS,500,125000,0.1,112603,12397,5.927000,118762.605500,243652.494000,355442.549500,424192.559800,461159.151180,466610.155926,467182.900000,1011.169000,119350.657000,242226.360000,355173.189000,424558.823200,462800.270680,467670.805520,468155.568000
cFCFS,500,150000,0.1,134787,15213,6.634000,202543.171500,402674.527000,614640.780500,735289.401400,804006.479320,809022.638058,812820.572000,1009.008000,202370.132000,407801.484000,616774.850000,735209.545400,804639.088080,810668.370756,811828.712000
cFCFS,500,175000,0.1,157384,17616,8.031000,269911.484500,536285.024500,821783.635500,982888.337500,1085105.638680,1092862.777224,1094004.257000,1008.476000,268350.896500,538433.476500,821931.849500,987126.283500,1085139.456150,1093819.651875,1094851.403000
cFCFS,500,200000,0.1,180119,19881,5.618000,345006.734500,701623.132000,1025936.482000,1225660.364000,1347877.011420,1357725.612160,1362284.008000,1007.523000,338653.999000,685919.200000,1023194.912000,1224653.369000,1347234.441400,1359179.569840,1360527.787000
cFCFS,500,225000,0.1,202520,22480,6.876000,415198.203250,833166.716500,1246984.902250,1494244.122400,1645441.247920,1658998.596102,1661335.942000,1011.278000,419399.254750,837153.331000,1249132.900250,1496678.079500,1646430.557390,1660738.099979,1662335.920000
cFCFS,500,250000,0.1,224975,25025,12.416000,487655.338500,987506.222000,1479749.489000,1764787.645600,1939412.449660,1960898.531002,1964831.920000,1012.707000,492994.600000,987098.128000,1476059.616000,1767638.786600,1943442.586840,1961541.723944,1963524.640000
cFCFS,500,275000,0.1,247746,27254,5.898000,556409.677000,1101750.580000,1658566.765750,1997268.482000,2203661.196550,2221693.739490,2223190.785000,1005.093000,556860.991250,1109005.201500,1667818.982250,1998958.028500,2202962.835070,2222069.170040,2224339.333000
cFCFS,500,300000,0.1,270104,29896,11.856000,618618.969500,1264700.534000,1918178.662000,2284548.076800,2512112.032280,2533386.235409,2537756.984000,1009.533000,632110.833250,1268063.335500,1906139.078000,2284517.671500,2512162.886650,2534528.398885,2537040.866000
cFCFS,500,325000,0.1,292661,32339,9.969000,708901.400000,1422844.211000,2109037.171000,2545760.608000,2792245.210200,2819148.296860,2822085.349000,1013.725000,707219.911500,1417491.807000,2113649.696500,2542563.698200,2794903.278700,2820224.932064,2822912.677000
cFCFS,500,350000,0.1,315173,34827,5.594000,783901.611000,1554644.965000,2356325.979000,2813290.319800,3087968.341840,3113679.368096,3117997.287000,1011.711000,781505.698000,1556194.525000,2344150.530500,2808952.453400,3086481.841980,3114190.293530,3117255.670000
cFCFS,500,375000,0.1,337679,37321,5.864000,845936.065000,1710864.478000,2563670.986500,3080736.406200,3391962.699200,3422629.124558,3426030.022000,1025.810000,856328.342000,1717264.713000,2572770.318000,3084481.456000,3393590.423000,3423478.340560,3426975.251000
cFCFS,500,400000,0.1,359906,40094,5.907000,922867.587000,1870024.835500,2806704.414750,3380065.176000,3716441.849950,3750467.410280,3755645.618000,1009.720000,942126.229500,1882234.443000,2818851.985750,3382500.843400,3718023.902180,3751199.315817,3754783.661000
cFCFS,500,425000,0.1,382795,42205,9.325000,1033711.953000,2011020.829000,3007164.688000,3606251.634600,3947948.921940,3984113.869790,3988372.064000,1030.617000,1009601.993000,2006189.439000,2996961.116000,3592451.661800,3948574.389320,3985054.131828,3989182.833000
cFCFS,500,450000,0.1,404627,45373,18.183000,1094387.301500,2189288.267000,3273969.697000,3915945.536600,4312957.940800,4352843.835680,4357923.167000,1018.349000,1095124.591000,2185858.738000,3271300.600000,3923956.070200,4314751.888960,4353067.905048,4357461.103000
cFCFS,500,475000,0.1,427304,47696,12.216000,1158140.646750,2326766.362500,3484416.149000,4162700.699200,4595128.719710,4637915.749278,4643090.613000,1030.492000,1163345.467750,2322419.828000,3478649.946500,4165701.567500,4595680.706750,4639211.938195,4643807.896000
cFCFS,500,500000,0.1,450073,49927,8.020000,1213342.618000,2447117.917000,3669884.428000,4417372.750400,4854317.064720,4899034.574136,4905667.821000,1016.532000,1225731.012000,2460892.514000,3681875.433500,4414560.139600,4856153.076960,4900066.127100,4905046.721000
cFCFS,500,0,0.5,0,0,0.000000,0.000000,0.000000,0.000000,0.000000,0.000000,0.000000,0.000000,0.000000,0.000000,0.000000,0.000000,0.000000,0.000000,0.000000,0.000000
cFCFS,500,25000,0.5,12416,12584,10.584000,93418.163250,196918.319000,291294.002000,345198.113500,385108.893850,388501.521090,388801.681000,1009.424000,94590.354250,195645.475000,291364.011750,347219.858200,386014.651090,389447.901691,389858.193000
cFCFS,500,50000,0.5,25071,24929,15.926000,413554.167500,868607.229000,1314503.226500,1577393.463000,1747566.977300,1765046.512020,1767150.353000,1010.659000,432388.705000,876871.566000,1321875.424000,1587437.918400,1749816.763360,1766240.278760,1770141.551000
cFCFS,500,75000,0.5,37744,37256,14.349000,788605.221500,1530814.103500,2316376.072250,2787115.296200,3069225.683130,3097746.216630,3101215.622000,1013.373000,777199.107250,1540748.075500,2316518.264250,2788782.872500,3070511.140850,3099097.480740,3102158.318000
cFCFS,500,100000,0.5,50336,49664,14.540000,1120711.143500,2258595.688500,3389257.987250,4060918.049500,4471098.860100,4511550.967035,4516407.169000,1006.697000,1124899.935250,2255892.923500,3390090.207750,4068654.112800,4470431.469870,4511190.706975,4515474.974000
cFCFS,500,125000,0.5,62478,62522,24.899000,1468822.468250,2933698.634500,4381814.067750,5037928.341200,5116353.028520,5123736.940329,5128319.945000,1015.247000,1471042.912000,2927244.343500,4385543.962250,5039219.726300,5115756.735890,5123797.917145,5129337.590000
cfs,0,0,0,0,0,0.000000,0.000000,0.000000,0.000000,0.000000,0.000000,0.000000,0.000000,0.000000,0.000000,0.000000,0.000000,0.000000,0.000000,0.000000,0.000000
cfs,0,25000,0,25000,0,4.929000,10.292000,12.589000,17.364250,28.864300,63.628230,218.081922,6172.364000,0.000000,0.000000,0.000000,0.000000,0.000000,0.000000,0.000000,0.000000
cfs,0,50000,0,50000,0,4.709000,9.115000,11.379000,16.002000,34.117100,60.564400,144.514850,1292.866000,0.000000,0.000000,0.000000,0.000000,0.000000,0.000000,0.000000,0.000000
cfs,0,75000,0,75000,0,4.679000,8.806000,11.014000,15.226000,38.734000,128.253370,563.958108,6271.831000,0.000000,0.000000,0.000000,0.000000,0.000000,0.000000,0.000000,0.000000
cfs,0,100000,0,100000,0,3.756000,8.352000,10.023000,12.800000,18.108000,121.768560,504.812216,3605.451000,0.000000,0.000000,0.000000,0.000000,0.000000,0.000000,0.000000,0.000000
cfs,0,125000,0,125000,0,3.997000,8.418000,10.300000,13.227250,18.301000,75.358530,288.727356,2487.493000,0.000000,0.000000,0.000000,0.000000,0.000000,0.000000,0.000000,0.000000
cfs,0,150000,0,150000,0,3.819000,8.646000,11.095000,14.849000,24.842100,227.117300,944.701513,3548.712000,0.000000,0.000000,0.000000,0.000000,0.000000,0.000000,0.000000,0.000000
cfs,0,175000,0,175000,0,4.069000,8.974000,12.198000,17.981250,44.714000,1160.210490,3773.635872,5353.735000,0.000000,0.000000,0.000000,0.000000,0.000000,0.000000,0.000000,0.000000
cfs,0,200000,0,200000,0,3.796000,8.887000,12.263000,17.322000,30.885400,378.588150,1699.214873,6201.392000,0.000000,0.000000,0.000000,0.000000,0.000000,0.000000,0.000000,0.000000
cfs,0,225000,0,225000,0,4.165000,9.346000,13.329000,19.939000,37.022400,460.267700,2451.303118,6113.199000,0.000000,0.000000,0.000000,0.000000,0.000000,0.000000,0.000000,0.000000
cfs,0,250000,0,250000,0,3.868000,9.694000,14.237000,21.760000,40.129100,559.941150,1358.313476,6097.372000,0.000000,0.000000,0.000000,0.000000,0.000000,0.000000,0.000000,0.000000
cfs,0,275000,0,275000,0,4.555000,10.407750,16.036500,25.984250,51.955100,1163.203550,2380.411022,9001.115000,0.000000,0.000000,0.000000,0.000000,0.000000,0.000000,0.000000,0.000000
cfs,0,300000,0,300000,0,3.705000,10.744000,17.004000,27.780000,55.950200,2074.458390,3236.191107,10747.668000,0.000000,0.000000,0.000000,0.000000,0.000000,0.000000,0.000000,0.000000
cfs,0,325000,0,325000,0,4.013000,11.370000,19.062000,32.636000,67.052200,2522.794070,5900.012584,15593.605000,0.000000,0.000000,0.000000,0.000000,0.000000,0.000000,0.000000,0.000000
cfs,0,350000,0,350000,0,3.788000,12.446000,21.745000,39.935250,104.623300,934.557260,2381.924061,16597.373000,0.000000,0.000000,0.000000,0.000000,0.000000,0.000000,0.000000,0.000000
cfs,0,375000,0,375000,0,4.119000,13.051000,22.909000,40.663250,121.294900,1868.578770,3303.771168,16860.000000,0.000000,0.000000,0.000000,0.000000,0.000000,0.000000,0.000000,0.000000
cfs,0,400000,0,400000,0,3.798000,15.245000,29.645000,58.271000,181.687000,1236.884410,2201.072283,15132.399000,0.000000,0.000000,0.000000,0.000000,0.000000,0.000000,0.000000,0.000000
cfs,0,425000,0,425000,0,3.725000,16.200000,31.008000,66.620750,314.766100,2518.721570,3616.271827,17223.564000,0.000000,0.000000,0.000000,0.000000,0.000000,0.000000,0.000000,0.000000
cfs,0,450000,0,450000,0,3.609000,17.678000,34.384000,71.241000,245.995400,862.765380,1082.491049,16595.645000,0.000000,0.000000,0.000000,0.000000,0.000000,0.000000,0.000000,0.000000
cfs,0,475000,0,475000,0,3.869000,34.081000,81.357500,431.872000,1234.771600,3338.569080,3840.968164,16142.372000,0.000000,0.000000,0.000000,0.000000,0.000000,0.000000,0.000000,0.000000
cfs,0,500000,0,500000,0,4.604000,67.141000,351.452500,1363.464500,2065.269400,4982.599140,5423.082356,17106.913000,0.000000,0.000000,0.000000,0.000000,0.000000,0.000000,0.000000,0.000000
cfs,0,0,0.01,0,0,0.000000,0.000000,0.000000,0.000000,0.000000,0.000000,0.000000,0.000000,0.000000,0.000000,0.000000,0.000000,0.000000,0.000000,0.000000,0.000000
cfs,0,25000,0.01,24752,248,4.732000,10.151000,12.851500,23.369250,28.792900,59.393540,136.434145,445.986000,1005.151000,1008.681250,1011.716500,1022.280000,1027.261400,1038.755880,1059.370760,1062.809000
cfs,0,50000,0.01,49561,439,4.633000,9.008000,11.193000,16.188000,34.382000,68.915000,160.764520,1998.498000,1004.496000,1007.898000,1010.132000,1014.699500,1033.678400,1060.282040,1704.592434,2141.391000
cfs,0,75000,0.01,74312,688,4.363000,8.731000,10.982000,15.056250,37.907700,116.750260,611.789079,6072.682000,1004.166000,1007.662500,1009.913000,1014.881500,1037.806700,1284.678970,3679.584721,4980.637000
cfs,0,100000,0.01,99022,978,3.976000,8.411000,10.491000,13.553750,21.962000,212.916790,712.920117,3249.282000,1003.821000,1007.367250,1009.338500,1012.589500,1024.640000,1245.348500,2153.029445,2197.693000
cfs,0,125000,0.01,123780,1220,3.927000,8.417000,10.893500,14.347000,23.236000,722.238740,1662.002439,5712.268000,1003.875000,1007.444250,1009.944500,1013.724250,1024.057600,1411.341420,2319.432476,5099.075000
cfs,0,150000,0.01,148425,1575,3.963000,8.800000,11.941000,15.932000,23.559200,170.362600,552.196056,3125.428000,1003.588000,1007.835500,1011.101000,1015.865500,1028.294400,1304.356060,3394.449336,7513.939000
cfs,0,175000,0.01,173248,1752,4.413000,9.170750,13.008500,18.395250,29.864300,465.186050,1501.108515,6194.973000,1003.630000,1008.217500,1012.278500,1017.908250,1031.326800,1456.866990,2281.892708,2297.728000
cfs,0,200000,0.01,197949,2051,3.639000,9.790000,14.395000,20.999000,34.242800,371.104960,1123.434012,5908.181000,1003.568000,1009.144000,1013.725000,1020.525500,1037.600000,1444.161500,3105.748600,3973.262000
cfs,0,225000,0.01,222683,2317,4.348000,11.019000,17.032000,26.741000,84.371600,866.649200,1976.854274,7333.609000,1003.688000,1009.815000,1015.956000,1026.042000,1094.584800,1852.798840,4170.601060,6739.754000
cfs,0,250000,0.01,247524,2476,3.904000,11.954000,19.103500,31.736250,128.862800,879.756080,1403.837698,7935.237000,1003.504000,1011.597750,1018.686500,1033.284000,1144.090500,1924.385500,3286.308750,6891.810000
cfs,0,275000,0.01,272263,2737,4.370000,13.525000,23.021000,56.843000,344.336800,3727.661420,5221.795698,11592.392000,1003.313000,1012.366000,1022.626000,1058.191000,1373.858600,4946.017680,6282.744600,6586.746000
cfs,0,300000,0.01,297077,2923,3.878000,16.793000,31.785000,206.211000,742.907400,3269.517320,3964.597180,8938.059000,1003.594000,1016.505500,1032.987000,1230.455000,1830.680000,4350.474320,5226.918818,6635.773000
cfs,0,325000,0.01,321737,3263,4.384000,24.001000,84.543000,468.323000,1090.154600,3698.521200,4939.371200,12664.420000,1003.778000,1022.943500,1086.653000,1497.842500,2184.455400,4759.503900,5990.518180,7584.929000
cfs,0,350000,0.01,346558,3442,4.415000,62.380250,401.712500,1097.831000,1924.689500,2832.032310,3669.036695,14548.737000,1003.909000,1069.722500,1409.091500,2146.227250,2904.633200,3828.742300,4808.772953,6713.090000
cfs,0,375000,0.01,371291,3709,4.455000,522.414500,1180.914000,3080.606500,5747.418000,6975.904400,7790.024150,21627.650000,1003.702000,1513.881000,2145.190000,4701.998000,6732.974800,7910.886880,8768.949240,8936.978000
cfs,0,400000,0.01,395877,4123,4.724000,18982.270000,49452.806000,69310.909000,76831.904000,86092.408200,86644.581348,93085.423000,1009.625000,21743.189000,49427.019000,69996.435500,77825.509200,86987.588580,87596.093896,89377.122000
cfs,0,425000,0.01,420697,4303,5.902000,41141.648000,70757.523000,104798.012000,132517.112200,142721.853200,143041.275512,146851.722000,1022.418000,41902.094000,71904.749000,105931.714500,133159.842000,143576.176640,143986.903038,144069.122000
cfs,0,450000,0.01,445602,4398,5.785000,49756.600000,92568.990000,139596.094250,166846.035100,182896.560380,186691.009187,188810.955000,1043.120000,51278.925500,94968.966000,140961.764750,168291.902300,184447.631680,187568.438804,187767.960000
cfs,0,475000,0.01,470246,4754,4.664000,67017.879500,134576.338500,200682.873750,232815.696500,252679.451950,254286.815620,259081.105000,1020.558000,68241.560250,135611.541000,199162.008750,232593.237300,253085.904670,255220.286207,255378.142000
cfs,0,500000,0.01,494989,5011,11.228000,88670.747000,169939.868000,241278.641000,283509.177000,306648.927200,310454.646036,313757.083000,1077.633000,86735.084000,166197.329000,240667.890500,282341.928000,308381.060600,311502.481990,312055.450000
cfs,0,0,0.1,0,0,0.000000,0.000000,0.000000,0.000000,0.000000,0.000000,0.000000,0.000000,0.000000,0.000000,0.000000,0.000000,0.000000,0.000000,0.000000,0.000000
cfs,0,25000,0.1,22465,2535,4.960000,9.493000,11.940000,22.319000,29.052000,132.669080,1055.058120,2603.250000,1004.476000,1008.659000,1011.264000,1022.125000,1028.756200,1182.240900,2043.938566,2366.120000
cfs,0,50000,0.1,45071,4929,4.612000,11.393500,27.230000,188.565500,466.778000,2101.338200,3719.928850,13082.779000,1004.143000,1010.428000,1025.526000,1186.944000,1459.730800,3146.026120,6075.670576,11117.484000
cfs,0,75000,0.1,67544,7456,5.811000,44887.690750,62807.546500,98563.210750,116337.074100,128675.093320,131656.309387,141803.972000,1007.433000,46318.098250,65435.857000,99664.343750,117039.409000,129689.223550,132645.079685,141052.899000
cfs,0,100000,0.1,89981,10019,9.938000,123959.966000,256673.379000,397669.274000,488326.039000,543335.738600,548418.899180,555879.523000,1010.171000,127459.171000,261699.558000,401029.176000,490882.745600,544351.812100,549419.397408,555668.396000
cfs,0,125000,0.1,112431,12569,8.001000,248285.389500,489323.918000,737977.506000,890785.604000,972976.215700,980226.617000,984835.307000,1008.606000,247502.789000,488593.517000,735151.015000,885361.623400,973481.860440,981250.074488,987479.986000
cfs,0,150000,0.1,135110,14890,5.721000,336270.163250,658901.305000,999773.811250,1211320.999100,1325179.362080,1336891.667692,1339911.892000,1005.286000,343581.841750,666229.862000,1004122.299250,1207881.126000,1325470.746540,1337836.227068,1342960.126000
cfs,0,175000,0.1,157472,17528,6.674000,456403.294750,884720.326500,1331223.974500,1602477.771700,1758599.294580,1774329.544432,1780279.573000,1009.938000,453264.668250,891775.993000,1332564.181250,1605272.213200,1759524.663800,1775112.562881,1783827.310000
cfs,0,200000,0.1,180076,19924,6.429000,541262.452250,1061277.790000,1597456.262750,1919983.554000,2114453.937000,2132602.900950,2141130.594000,1006.626000,535030.070000,1067378.962000,1600614.566250,1922470.801400,2114347.684300,2132808.927043,2134732.425000
cfs,0,225000,0.1,202574,22426,6.717000,661049.224500,1308063.118500,1925469.580750,2303788.919600,2534496.482040,2556655.000528,2563304.077000,1007.989000,660420.966750,1300815.412000,1927214.953500,2309056.131000,2535381.799250,2558035.566000,2562495.680000
cfs,0,250000,0.1,225082,24918,5.820000,749820.146250,1494222.385000,2211723.450000,2695462.994300,2954380.659240,2978676.944167,2982533.578000,1010.309000,747528.696000,1484510.495000,2210869.998750,2692315.043300,2953407.988350,2979114.920722,2983389.967000
cfs,0,275000,0.1,247415,27585,6.511000,858454.028000,1696713.845000,2523916.182500,3018806.902600,3315784.052620,3346707.746952,3352551.238000,1006.848000,848002.255000,1682936.719000,2520277.795000,3018215.537600,3317326.178520,3347107.377808,3350505.510000
cfs,0,300000,0.1,270172,29828,5.120000,910831.017500,1848983.520000,2778385.716000,3321081.820300,3661830.991670,3696318.030713,3702187.468000,1008.183000,932651.420750,1858615.869000,2779314.137250,3331546.850300,3663979.720920,3697346.818008,3700690.288000
cfs,0,325000,0.1,292407,32593,13.093000,1023682.877500,2051761.699000,3060196.904500,3701116.683000,4068386.881040,4105831.815134,4111304.803000,1012.340000,1022983.332000,2053072.917000,3079334.643000,3699441.510600,4069559.666440,4106554.153352,4112333.604000
cfs,0,350000,0.1,315253,34747,6.614000,1069324.573000,2199280.447000,3316383.389000,3989010.374600,4379080.007800,4421326.852104,4427183.582000,1011.903000,1080943.522000,2195080.338000,3315307.663500,3985445.023200,4382220.684520,4422289.149848,4428318.490000
cfs,0,375000,0.1,337615,37385,11.384000,1236385.503000,2438224.827000,3659467.154500,4387574.296200,4846335.800200,4886947.875970,4892208.685000,1014.408000,1230252.560000,2441732.645000,3656090.508000,4387687.197200,4842966.898080,4886716.962024,4891691.716000
cfs,0,400000,0.1,359768,40232,11.358000,1316501.758000,2641250.566500,3964028.277750,4785385.482300,5042060.574660,5067957.936392,5074597.404000,1016.027000,1331616.181000,2657613.229000,3985748.525500,4786918.468200,5042788.621150,5069243.272710,5074650.544000
cfs,0,0,0.5,0,0,0.000000,0.000000,0.000000,0.000000,0.000000,0.000000,0.000000,0.000000,0.000000,0.000000,0.000000,0.000000,0.000000,0.000000,0.000000,0.000000
cfs,0,25000,0.5,12497,12503,20.596000,217629.620000,389483.189000,604398.087000,729525.631600,801473.079320,807556.301056,808171.501000,1008.741000,214967.806500,391545.880000,602658.368500,728395.476200,801730.289280,808613.108060,811028.567000
cfs,0,50000,0.5,24955,25045,5.731000,671905.344000,1351096.472000,2026834.229500,2422481.184000,2662456.605380,2686179.311390,2691262.636000,1005.420000,676231.877000,1347715.047000,2019243.200000,2421229.091800,2662945.352440,2686878.558932,2692408.541000
cfs,0,75000,0.5,37392,37608,7.158000,1124086.124000,2267096.729000,3398584.561000,4063135.383000,4478858.175350,4518895.536623,4522635.831000,1010.569000,1133627.713750,2264661.100500,3400861.793000,4073081.811900,4478850.288250,4519431.641019,4526679.367000
cfs,0,100000,0.5,49775,50225,21.140000,1541832.402500,3110758.915000,4726895.640000,5092038.405200,5170362.098160,5189582.621172,5194979.400000,1016.389000,1546504.867000,3144859.034000,4741295.548000,5093421.577800,5170602.200040,5188997.235608,5195193.913000
