sched_type,preemption_interval_us,throughput,proportion_long_jobs,num_short,num_long,short_0_pct,short_25_pct,short_50_pct,short_75_pct,short_90_pct,short_99_pct,short_99.9_pct,short_100_pct,long_0_pct,long_25_pct,long_50_pct,long_75_pct,long_90_pct,long_99_pct,long_99.9_pct,long_100_pct
dFCFS,0,0,0,0,0,0.000000,0.000000,0.000000,0.000000,0.000000,0.000000,0.000000,0.000000,0.000000,0.000000,0.000000,0.000000,0.000000,0.000000,0.000000,0.000000
dFCFS,0,25000,0,25000,0,5.240000,11.390000,15.203000,38.872750,87.099500,1553.629590,1979.867391,7504.327000,0.000000,0.000000,0.000000,0.000000,0.000000,0.000000,0.000000,0.000000
dFCFS,0,50000,0,50000,0,3.858000,10.902000,16.740000,54.109500,204.087300,813.508640,1161.253215,4084.794000,0.000000,0.000000,0.000000,0.000000,0.000000,0.000000,0.000000,0.000000
dFCFS,0,75000,0,75000,0,4.381000,11.411000,17.795000,76.100500,299.054800,935.967400,1815.185976,10274.539000,0.000000,0.000000,0.000000,0.000000,0.000000,0.000000,0.000000,0.000000
dFCFS,0,100000,0,100000,0,4.623000,12.275000,21.049000,136.733250,520.478300,1399.746260,3398.582183,9388.483000,0.000000,0.000000,0.000000,0.000000,0.000000,0.000000,0.000000,0.000000
dFCFS,0,125000,0,125000,0,3.815000,12.653750,22.125500,133.112750,514.581500,1816.131310,3016.862696,18592.639000,0.000000,0.000000,0.000000,0.000000,0.000000,0.000000,0.000000,0.000000
dFCFS,0,150000,0,150000,0,4.112000,13.529000,24.623500,191.498000,848.619200,2299.757830,3801.347297,16140.236000,0.000000,0.000000,0.000000,0.000000,0.000000,0.000000,0.000000,0.000000
dFCFS,0,175000,0,175000,0,3.748000,14.862000,30.611500,233.767250,789.663000,3261.644760,5137.766436,22975.006000,0.000000,0.000000,0.000000,0.000000,0.000000,0.000000,0.000000,0.000000
dFCFS,0,200000,0,200000,0,4.639000,35.432500,236.608500,798.607000,1822.044700,4302.080620,5643.365532,15547.582000,0.000000,0.000000,0.000000,0.000000,0.000000,0.000000,0.000000,0.000000
dFCFS,0,225000,0,225000,0,3.719000,40.047750,232.001000,904.916250,2240.529200,5097.750790,7706.181116,17717.639000,0.000000,0.000000,0.000000,0.000000,0.000000,0.000000,0.000000,0.000000
dFCFS,0,250000,0,250000,0,4.797000,63.880500,338.549000,1272.916250,2734.591900,5452.063990,6646.732634,19157.617000,0.000000,0.000000,0.000000,0.000000,0.000000,0.000000,0.000000,0.000000
dFCFS,0,275000,0,275000,0,3.912000,41.893750,293.544000,1184.999250,2860.377400,7152.347740,9037.216122,22637.240000,0.000000,0.000000,0.000000,0.000000,0.000000,0.000000,0.000000,0.000000
dFCFS,0,300000,0,300000,0,4.240000,119.544000,528.255000,1741.856250,3565.124500,6281.804170,8485.942269,26905.830000,0.000000,0.000000,0.000000,0.000000,0.000000,0.000000,0.000000,0.000000
dFCFS,0,325000,0,325000,0,4.550000,132.555750,541.156500,1639.990500,4539.199600,11051.754370,14550.417764,30532.853000,0.000000,0.000000,0.000000,0.000000,0.000000,0.000000,0.000000,0.000000
dFCFS,0,350000,0,350000,0,4.695000,1153.269000,3144.238500,7616.483250,11970.929500,16688.541020,20751.648399,63524.216000,0.000000,0.000000,0.000000,0.000000,0.000000,0.000000,0.000000,0.000000
dFCFS,0,375000,0,375000,0,4.460000,3997.382750,10112.717500,21933.917250,30506.062900,37013.264600,40412.582106,110399.560000,0.000000,0.000000,0.000000,0.000000,0.000000,0.000000,0.000000,0.000000
dFCFS,0,400000,0,400000,0,6.215000,9012.421750,15020.920500,20867.077500,30733.188400,41427.509600,42269.707281,135455.620000,0.000000,0.000000,0.000000,0.000000,0.000000,0.000000,0.000000,0.000000
dFCFS,0,425000,0,425000,0,7.144000,15251.539000,38761.104500,74720.765500,78946.695200,82179.387750,83385.884110,186566.793000,0.000000,0.000000,0.000000,0.000000,0.000000,0.000000,0.000000,0.000000
dFCFS,0,450000,0,450000,0,5.485000,16792.442250,30886.547000,58773.428250,105242.096000,119279.983350,121487.158023,164320.679000,0.000000,0.000000,0.000000,0.000000,0.000000,0.000000,0.000000,0.000000
dFCFS,0,475000,0,475000,0,6.682000,82866.213750,159665.450500,198588.783750,213466.172200,218724.827840,234408.315362,263735.786000,0.000000,0.000000,0.000000,0.000000,0.000000,0.000000,0.000000,0.000000
dFCFS,0,500000,0,500000,0,8.196000,82448.549250,152715.287500,199659.785500,237724.776700,249289.865450,249788.804121,319253.833000,0.000000,0.000000,0.000000,0.000000,0.000000,0.000000,0.000000,0.000000
dFCFS,0,0,0.01,0,0,0.000000,0.000000,0.000000,0.000000,0.000000,0.000000,0.000000,0.000000,0.000000,0.000000,0.000000,0.000000,0.000000,0.000000,0.000000,0.000000
dFCFS,0,25000,0.01,24750,250,4.710000,11.460000,22.753000,55.293000,180.027600,581.296720,2196.708013,10538.952000,1004.791000,1010.495000,1021.378500,1059.101750,1202.440300,3278.547500,6394.221846,6993.153000
dFCFS,0,50000,0.01,49507,493,4.529000,10.934000,20.601000,155.746500,548.338800,1364.700600,5392.036484,9094.880000,1003.885000,1009.827000,1020.663000,1163.364000,1572.649400,2846.994160,6875.320248,8712.525000
dFCFS,0,75000,0.01,74199,801,4.211000,12.113500,25.561000,205.048000,653.014000,2444.036800,3064.106014,11082.645000,1004.356000,1010.899000,1035.056000,1223.422000,1651.772000,3726.816000,9303.452800,11102.944000
dFCFS,0,100000,0.01,99040,960,4.541000,13.044750,35.052000,365.241500,1327.680400,5158.263860,8594.919291,16906.762000,1003.700000,1012.304250,1033.839500,1397.616000,2451.386700,8116.023040,9167.413237,12320.564000
dFCFS,0,125000,0.01,123761,1239,4.486000,16.602000,103.220000,825.561000,2160.756000,9285.606200,12030.107800,98313.712000,1003.837000,1015.645500,1108.834000,1759.856500,3236.381000,11247.623080,15190.750346,16578.319000
dFCFS,0,150000,0.01,148520,1480,4.498000,17.046000,102.256500,936.129500,2181.833000,5511.035420,7336.962600,40019.577000,1004.193000,1016.254250,1138.303500,2008.747250,3332.601200,7285.996230,11467.360530,15505.435000
dFCFS,0,175000,0.01,173287,1713,4.430000,22.949000,371.319000,2071.558500,4395.301200,8992.973040,10095.739306,55531.562000,1003.933000,1026.134000,1463.344000,3243.787000,5829.514800,10009.241720,11851.865408,12257.585000
dFCFS,0,200000,0.01,198095,1905,4.470000,21.934000,197.517000,1563.811000,4089.549200,8649.099060,10679.527238,27465.395000,1004.494000,1021.733000,1284.284000,2648.860000,5178.078200,9864.469280,16525.685368,25960.651000
dFCFS,0,225000,0.01,222768,2232,4.146000,39.538500,831.147000,3288.347750,5908.040600,11061.216520,16696.453551,55215.875000,1003.891000,1041.013000,1739.208000,4171.358250,6796.291900,13731.595530,21452.364891,26453.454000
dFCFS,0,250000,0.01,247601,2399,4.372000,38.838000,558.424000,2362.684000,5306.566000,11209.558000,12783.094400,28583.687000,1003.763000,1049.986000,1675.019000,3605.285000,6791.242000,12483.885400,16458.607626,23887.838000
dFCFS,0,275000,0.01,272262,2738,3.736000,39.128500,601.929000,2743.736500,5090.063400,10737.315720,12426.560541,88372.169000,1003.550000,1037.399000,1577.751500,3861.489750,6181.925000,11806.816410,18824.880856,36606.465000
dFCFS,0,300000,0.01,297031,2969,4.502000,617.222000,2402.679000,4960.084500,8087.462000,16593.818800,18429.329130,72678.721000,1004.297000,1698.990000,3472.940000,6232.729000,9649.169600,17734.951360,19444.748208,22763.195000
dFCFS,0,325000,0.01,321751,3249,3.904000,1029.173000,2501.074000,4992.610500,7968.216000,14835.832500,17004.792000,88958.390000,1004.813000,2015.599000,3432.074000,5859.314000,8899.103600,16109.153280,20991.994680,33966.694000
dFCFS,0,350000,0.01,346487,3513,4.927000,9970.423000,12481.942000,17723.965500,24036.464400,25272.797240,25866.501298,123134.757000,1005.710000,11114.374000,13430.756000,18380.718000,24976.552600,26394.341280,35370.971024,46269.069000
dFCFS,0,375000,0.01,371384,3616,4.907000,24968.128500,31509.630000,35820.552000,44829.791100,52793.833900,53442.279743,111413.355000,1023.613000,25915.066500,32504.017500,37144.799500,46261.859500,53928.825600,58628.575480,69087.333000
dFCFS,0,400000,0.01,395909,4091,4.866000,36485.200000,86477.237000,118654.770000,140538.344800,150810.520760,151337.183456,207937.650000,1015.178000,40050.067000,78761.115000,118892.582500,142881.111000,151770.542700,155580.117830,161872.201000
dFCFS,0,425000,0.01,420694,4306,4.789000,61603.223500,110484.390500,167353.016250,194542.905400,213439.204420,213881.275998,252863.893000,1007.306000,60198.524250,110781.877500,166796.691500,195866.586500,214321.721800,215017.529165,244396.147000
dFCFS,0,450000,0.01,445476,4524,8.907000,70010.688250,115805.205500,174842.605500,211569.537000,232486.219750,233872.123300,306267.172000,1064.574000,70374.502750,116583.423000,175279.657000,212917.375700,232981.511020,234837.272254,263683.855000
dFCFS,0,475000,0.01,470239,4761,4.912000,68010.711500,147051.327000,237159.538000,284965.263000,315826.731360,319583.940336,358281.505000,1023.767000,69099.093000,148852.410000,243958.856000,286484.653000,317827.041400,320610.688800,328886.004000
dFCFS,0,500000,0.01,495050,4950,15.115000,99001.321500,196368.318000,307478.936250,359113.345900,395253.830160,397585.181674,465715.078000,1082.723000,102596.372500,203653.117500,309381.939750,360059.739900,395978.493730,398445.553602,410295.113000
dFCFS,0,0,0.1,0,0,0.000000,0.000000,0.000000,0.000000,0.000000,0.000000,0.000000,0.000000,0.000000,0.000000,0.000000,0.000000,0.000000,0.000000,0.000000,0.000000
dFCFS,0,25000,0.1,22493,2507,4.363000,13.482000,40.887000,1115.046000,2614.354600,7597.901960,10243.118628,24515.852000,1003.609000,1012.665000,1043.231000,2134.087500,3731.502400,10532.043820,20885.032774,98353.806000
dFCFS,0,50000,0.1,45095,4905,4.520000,118.888500,1869.073000,5446.601000,9467.538800,15734.821160,17854.397316,78555.693000,1003.764000,1104.047000,2965.158000,6384.630000,10299.286600,16467.288120,27360.202384,81880.458000
dFCFS,0,75000,0.1,67563,7437,7.047000,58061.986500,87033.903000,132182.958500,148015.568800,162204.013420,164009.471714,433402.876000,1010.924000,57411.406000,88057.945000,133387.709000,150426.755600,163212.151000,165598.912528,171999.836000
dFCFS,0,100000,0.1,90019,9981,9.675000,141272.064000,276182.529000,435567.241000,526771.964200,589785.245480,593852.007468,756088.516000,1009.399000,143203.654000,290997.529000,439655.330000,527720.322000,589822.482800,594411.051720,609662.379000
dFCFS,0,125000,0.1,112631,12369,10.246000,237957.594500,474248.251000,735787.973000,905012.971000,979967.921300,992752.018260,1009845.533000,1018.100000,244287.344000,482641.660000,731868.424000,901451.155800,980839.182320,994178.922512,996702.548000
dFCFS,0,150000,0.1,135058,14942,7.020000,362190.917000,700127.484500,1248849.816500,1438989.906500,1569758.875270,1582628.034322,1682499.361000,1013.045000,356917.137500,695826.074000,1254115.521500,1453289.218500,1572334.650510,1584234.855772,1586496.940000
dFCFS,0,175000,0.1,157694,17306,15.872000,430993.900750,1022142.495500,1448049.013000,1915972.023200,2264469.450970,2287764.137345,2290238.863000,1014.788000,426250.019500,1025511.058000,1451184.361500,1927934.342000,2264612.810800,2288863.567860,2301308.059000
dFCFS,0,200000,0.1,179892,20108,7.128000,582528.036500,1108247.757000,1641481.610000,2021339.789500,2202517.090430,2223077.863558,2284643.165000,1009.558000,583172.308500,1113903.115000,1638276.299250,2024066.241400,2204895.542180,2224804.134379,2231738.810000
dFCFS,0,225000,0.1,202701,22299,4.948000,794065.153000,1581733.625000,2158174.309000,2514918.577000,2825854.898000,2854443.360200,2857681.351000,1026.205000,796060.493500,1594301.632000,2162972.642000,2516057.523400,2825166.884880,2855439.350358,2862874.932000
dFCFS,0,250000,0.1,225027,24973,5.943000,724960.771500,1554549.114000,2327538.843500,2776799.105400,3036210.071920,3066349.181826,3262342.106000,1020.888000,736510.766000,1564154.296000,2334957.246000,2786838.262200,3041991.913040,3067703.653944,3070650.895000
dFCFS,0,275000,0.1,247223,27777,14.363000,849231.907000,1695952.512000,2569916.282500,3054407.188400,3372096.355760,3404649.378558,3671788.248000,1022.290000,859602.803000,1710655.241000,2559883.116000,3046667.762600,3376437.736720,3404651.980952,3416359.720000
dFCFS,0,300000,0.1,269887,30113,18.374000,956361.066500,2007798.237000,3046498.078500,3632976.400800,3959151.004900,3993945.299786,4000714.387000,1020.435000,953354.657000,2026475.415000,3034401.021000,3637858.777600,3963449.229880,3995931.371336,4111760.544000
dFCFS,0,325000,0.1,292426,32574,14.993000,1060115.527750,2181803.480000,3173528.544500,3992379.425500,4459074.564250,4496038.636225,4509159.164000,1009.861000,1041164.955250,2167464.872000,3166734.117750,3985129.276500,4460494.491340,4496347.075829,4508379.947000
dFCFS,0,350000,0.1,314736,35264,12.181000,1134929.565750,2278488.522500,3464118.138250,4170246.529500,4577036.662150,4617221.565630,4707296.294000,1028.634000,1146558.245500,2278570.888500,3469222.322000,4162958.458900,4577196.787440,4617569.825397,4621731.719000
dFCFS,0,375000,0.1,337570,37430,14.492000,1200023.678500,2563751.122000,3848173.541000,4607677.990500,5015603.414340,5031795.918655,5190129.254000,1013.547000,1225215.555250,2567166.583500,3861673.195500,4612551.331600,5016158.642750,5032775.849990,5048333.171000
dFCFS,0,0,0.5,0,0,0.000000,0.000000,0.000000,0.000000,0.000000,0.000000,0.000000,0.000000,0.000000,0.000000,0.000000,0.000000,0.000000,0.000000,0.000000,0.000000
dFCFS,0,25000,0.5,12543,12457,19.303000,210027.714000,401443.240000,605899.222500,725082.036600,800309.837100,807983.294336,809164.098000,1016.513000,210784.902000,407768.415000,612296.194000,730853.182200,802690.524640,809335.596272,1563188.755000
dFCFS,0,50000,0.5,24885,25115,14.078000,664728.936000,1331468.331000,1976865.521000,2364942.858800,2594329.673800,2616668.112196,3433055.258000,1015.545000,670653.372000,1326163.470000,1972376.554000,2361137.262800,2595049.808160,2618131.588938,3169151.056000
dFCFS,0,75000,0.5,37388,37612,18.342000,1159019.515250,2269195.790000,4187610.174250,4929091.611900,5059705.913360,5082045.730492,5086210.278000,1011.194000,1136079.169000,2261601.823000,4176378.282750,4923396.377100,5059741.684740,5082636.410679,5088380.124000
cFCFS,500,0,0,0,0,0.000000,0.000000,0.000000,0.000000,0.000000,0.000000,0.000000,0.000000,0.000000,0.000000,0.000000,0.000000,0.000000,0.000000,0.000000,0.000000
cFCFS,500,25000,0,25000,0,4.499000,10.861000,13.150500,17.651250,28.241000,142.689820,530.268459,2003.227000,0.000000,0.000000,0.000000,0.000000,0.000000,0.000000,0.000000,0.000000
cFCFS,500,50000,0,50000,0,4.001000,10.572750,13.510000,19.963000,36.007900,220.569310,587.231439,2349.055000,0.000000,0.000000,0.000000,0.000000,0.000000,0.000000,0.000000,0.000000
cFCFS,500,75000,0,75000,0,4.107000,11.092000,15.206000,25.210000,48.450100,237.052370,620.890150,6089.094000,0.000000,0.000000,0.000000,0.000000,0.000000,0.000000,0.000000,0.000000
cFCFS,500,100000,0,100000,0,3.768000,12.072000,17.846000,31.916250,63.213800,246.050470,870.595306,2576.303000,0.000000,0.000000,0.000000,0.000000,0.000000,0.000000,0.000000,0.000000
cFCFS,500,125000,0,125000,0,3.678000,12.941000,20.864000,42.111250,114.079300,799.816430,1866.825601,6581.002000,0.000000,0.000000,0.000000,0.000000,0.000000,0.000000,0.000000,0.000000
cFCFS,500,150000,0,150000,0,4.281000,13.858000,23.721000,52.616000,116.921300,661.178390,1116.743162,3078.762000,0.000000,0.000000,0.000000,0.000000,0.000000,0.000000,0.000000,0.000000
cFCFS,500,175000,0,175000,0,3.900000,15.060000,26.266500,63.874750,144.400800,1025.556870,2370.648083,8086.260000,0.000000,0.000000,0.000000,0.000000,0.000000,0.000000,0.000000,0.000000
cFCFS,500,200000,0,200000,0,3.774000,17.025000,36.811500,121.324000,365.139800,1883.925370,6392.003114,7947.647000,0.000000,0.000000,0.000000,0.000000,0.000000,0.000000,0.000000,0.000000
cFCFS,500,225000,0,225000,0,3.850000,18.924750,42.691500,151.125250,483.884600,3793.623250,4749.160329,8361.897000,0.000000,0.000000,0.000000,0.000000,0.000000,0.000000,0.000000,0.000000
cFCFS,500,250000,0,250000,0,4.960000,21.760000,66.602500,213.618500,529.768200,2566.559010,3291.734701,9676.871000,0.000000,0.000000,0.000000,0.000000,0.000000,0.000000,0.000000,0.000000
cFCFS,500,275000,0,275000,0,3.670000,24.437000,84.130000,254.654000,557.323400,2133.903500,3746.470357,9593.279000,0.000000,0.000000,0.000000,0.000000,0.000000,0.000000,0.000000,0.000000
cFCFS,500,300000,0,300000,0,4.299000,24.724750,97.957000,338.614750,986.592100,3794.184050,5372.122848,11173.690000,0.000000,0.000000,0.000000,0.000000,0.000000,0.000000,0.000000,0.000000
cFCFS,500,325000,0,325000,0,3.804000,31.185000,136.997000,373.366000,693.365400,4046.237660,6266.574170,14015.218000,0.000000,0.000000,0.000000,0.000000,0.000000,0.000000,0.000000,0.000000
cFCFS,500,350000,0,350000,0,4.751000,32.395750,126.024000,348.825000,617.270100,1341.089480,2540.645045,14482.116000,0.000000,0.000000,0.000000,0.000000,0.000000,0.000000,0.000000,0.000000
cFCFS,500,375000,0,375000,0,3.842000,44.769000,255.214000,654.318250,1850.766100,8681.429010,9155.960061,17129.477000,0.000000,0.000000,0.000000,0.000000,0.000000,0.000000,0.000000,0.000000
cFCFS,500,400000,0,400000,0,4.084000,55.086500,260.044500,629.347750,1391.340400,4601.341230,5761.479341,9621.823000,0.000000,0.000000,0.000000,0.000000,0.000000,0.000000,0.000000,0.000000
cFCFS,500,425000,0,425000,0,4.534000,141.559750,465.063500,1036.121000,2495.545600,4715.042620,5507.980054,10634.527000,0.000000,0.000000,0.000000,0.000000,0.000000,0.000000,0.000000,0.000000
cFCFS,500,450000,0,450000,0,4.714000,211.085750,583.243500,1330.727000,3344.919000,8362.200640,9198.189159,15409.836000,0.000000,0.000000,0.000000,0.000000,0.000000,0.000000,0.000000,0.000000
cFCFS,500,475000,0,475000,0,4.835000,314.984500,960.737500,1784.039750,2831.211700,4784.883600,6069.528813,13440.980000,0.000000,0.000000,0.000000,0.000000,0.000000,0.000000,0.000000,0.000000
cFCFS,500,500000,0,500000,0,4.361000,243.489750,893.818000,2001.633250,3436.602800,5922.940480,7674.403055,19882.523000,0.000000,0.000000,0.000000,0.000000,0.000000,0.000000,0.000000,0.000000
cFCFS,500,0,0.01,0,0,0.000000,0.000000,0.000000,0.000000,0.000000,0.000000,0.000000,0.000000,0.000000,0.000000,0.000000,0.000000,0.000000,0.000000,0.000000,0.000000
cFCFS,500,25000,0.01,24724,276,5.142000,10.775750,13.087000,17.419500,28.146800,148.524700,603.343021,5230.889000,1005.993000,1010.066250,1012.936500,1019.160000,1057.021000,1326.576500,2063.333125,2252.650000
cFCFS,500,50000,0.01,49501,499,4.677000,10.783000,14.546000,25.915000,59.507000,535.927000,1048.246500,6427.690000,1005.096000,1010.213000,1015.479000,1034.839500,1093.161400,1662.635640,2636.081322,3312.570000
cFCFS,500,75000,0.01,74259,741,4.235000,11.314000,16.596000,32.659000,70.297600,335.349120,669.951446,2094.882000,1004.642000,1011.627000,1018.383000,1045.405000,1117.427000,1450.500800,1936.981120,2277.279000
cFCFS,500,100000,0.01,98985,1015,4.329000,12.971000,21.732000,52.754000,146.644600,1317.454920,2094.849016,6380.465000,1005.292000,1012.917500,1025.225000,1084.452500,1288.403200,2587.742620,2971.869902,3183.461000
cFCFS,500,125000,0.01,123770,1230,3.796000,14.738250,27.636500,73.304500,168.812200,601.865340,1207.215546,2401.930000,1003.935000,1015.426250,1037.013500,1111.772250,1274.103500,1789.832460,3797.364586,8507.126000
cFCFS,500,150000,0.01,148529,1471,4.519000,15.982000,30.647000,88.943000,213.114600,1006.074760,1946.375008,5647.319000,1003.672000,1017.493500,1045.240000,1159.129000,1428.657000,2601.373800,9356.408300,12186.621000
cFCFS,500,175000,0.01,173236,1764,4.328000,17.335000,35.820500,127.807000,298.806500,1416.909350,2185.099025,6712.468000,1003.978000,1019.396750,1059.709000,1207.466500,1528.888800,3008.085200,7751.167609,18282.908000
cFCFS,500,200000,0.01,198009,1991,3.971000,20.954000,57.515000,197.701000,457.865200,3614.824080,5162.629848,15600.664000,1003.732000,1024.856000,1111.166000,1375.043500,1997.305000,5769.929100,8010.822320,8902.375000
cFCFS,500,225000,0.01,222839,2161,3.722000,23.007000,72.519000,246.434500,562.029800,1962.673140,2957.336406,7763.037000,1003.739000,1028.289000,1139.769000,1415.249000,1980.547000,3781.690200,5129.030120,5203.337000
cFCFS,500,250000,0.01,247502,2498,4.484000,26.267000,108.124500,385.043750,864.272800,2652.995450,4135.165786,8490.617000,1003.856000,1039.314750,1252.488000,1756.962750,2504.403600,5191.508360,7775.174097,8926.224000
cFCFS,500,275000,0.01,272183,2817,4.600000,37.451000,201.142000,555.138500,1272.555200,3042.925620,4353.245674,8134.749000,1003.866000,1104.798000,1391.408000,2046.078000,3128.206600,5367.190320,7845.148864,9237.099000
cFCFS,500,300000,0.01,296911,3089,4.078000,36.677500,267.929000,854.660000,2088.679000,4941.759800,6718.878610,13024.650000,1003.680000,1096.340000,1574.014000,2529.102000,3984.981000,7062.123600,10084.434000,11682.047000
cFCFS,500,325000,0.01,321694,3306,4.586000,74.340750,459.828000,1250.774750,2529.408800,5023.215070,6014.934128,17295.834000,1003.820000,1248.542000,1902.368500,2989.570000,4230.283500,6783.193600,9101.746130,16268.884000
cFCFS,500,350000,0.01,346551,3449,4.473000,152.804500,762.578000,1906.481500,4109.700000,7357.291500,9926.198650,20281.677000,1004.128000,1422.652000,2345.609000,3765.202000,5910.560400,9884.242320,11699.743208,19931.017000
cFCFS,500,375000,0.01,371338,3662,4.513000,284.179250,1038.745000,2164.778250,3583.555500,9796.974410,11262.244280,15062.778000,1004.165000,1729.590000,2765.635000,3984.113000,5485.140100,11529.189940,13482.109346,18111.022000
cFCFS,500,400000,0.01,396053,3947,4.723000,1368.600000,2307.515000,3816.195000,5157.905600,6601.114240,7105.505356,14589.020000,1004.941000,2938.282000,4220.284000,5690.176500,7061.579200,8726.175900,12451.704936,19006.201000
cFCFS,500,425000,0.01,420657,4343,4.491000,3311.647000,8758.414000,12435.784000,14213.448200,20582.290560,21408.245304,37442.536000,1010.958000,5031.388000,10191.052000,14149.394000,16208.287200,22366.852060,24304.351654,36222.013000
cFCFS,500,450000,0.01,445503,4497,5.853000,11008.173000,13661.142000,19545.003000,22796.227000,24507.325420,25554.405478,35154.065000,1073.342000,12752.873000,15660.055000,21337.748000,24413.849800,26642.638400,28092.144776,38243.027000
cFCFS,500,475000,0.01,470283,4717,6.710000,27862.216000,65061.203000,120081.431000,139716.233600,141914.834580,142259.250848,150496.693000,1123.154000,28882.675000,63808.854000,121032.441000,141141.829600,143795.742080,146458.592288,151568.965000
cFCFS,500,500000,0.01,494985,5015,8.941000,46607.982000,99728.545000,160863.319000,172973.365200,182401.079760,182830.957024,186230.440000,1161.040000,48608.053000,101765.227000,162053.937000,174618.535600,183811.227360,185128.016420,198691.560000
cFCFS,500,0,0.1,0,0,0.000000,0.000000,0.000000,0.000000,0.000000,0.000000,0.000000,0.000000,0.000000,0.000000,0.000000,0.000000,0.000000,0.000000,0.000000,0.000000
cFCFS,500,25000,0.1,22447,2553,4.563000,10.993000,15.906000,28.518000,55.233000,1089.970360,2009.544762,3797.821000,1003.759000,1011.002000,1018.246000,1046.818000,1218.583200,2179.952760,3178.491776,26046.218000
cFCFS,500,50000,0.1,45131,4869,4.016000,13.676000,44.689000,386.260500,2678.311000,10205.028100,12759.784730,13200.973000,1003.734000,1019.438000,1110.678000,1600.780000,4103.981200,11567.118800,14248.813956,18027.451000
cFCFS,500,75000,0.1,67566,7434,4.599000,37.727000,281.859000,978.842750,2753.132000,7269.764700,9493.193290,10147.519000,1003.586000,1123.564000,1531.465500,2472.496500,4326.241400,8740.339210,11743.402857,23888.102000
cFCFS,500,100000,0.1,90138,9862,4.956000,2066.553750,4042.004500,6894.851500,9151.472900,11517.884030,11858.478890,13366.329000,1004.731000,3450.371500,5456.029500,8286.657250,10729.381600,13025.146170,16432.935449,31074.947000
cFCFS,500,125000,0.1,112447,12553,7.084000,66920.780000,131516.935000,189106.415000,217682.593800,238466.380200,240135.722200,246038.737000,1008.558000,68391.480000,133263.298000,190521.783000,219995.242600,239441.720680,241549.045256,244345.419000
cFCFS,500,150000,0.1,134931,15069,6.531000,123594.100500,242133.943000,373405.769000,446613.210000,489765.285500,493959.892060,496821.952000,1015.363000,124749.940000,244183.465000,373573.095000,447157.382000,490603.083840,495127.433616,496321.256000
cFCFS,500,175000,0.1,157473,17527,8.551000,175938.391000,368847.164000,550319.039000,660565.488800,748027.636440,753610.389304,755458.900000,1014.243000,179633.669000,372398.742000,558583.587000,668072.588600,748939.754860,754550.313606,755618.849000
cFCFS,500,200000,0.1,179892,20108,9.343000,238669.175500,477766.166500,765088.903000,907527.806900,994095.533170,1000514.326785,1001663.260000,1075.233000,244093.244250,478500.405000,765841.351500,907870.828100,995090.036290,1001630.384966,1002958.669000
cFCFS,500,225000,0.1,202730,22270,5.047000,304356.769000,617914.872500,971843.159750,1181972.640700,1293008.569780,1303956.611313,1305435.071000,1059.592000,317583.619000,633220.357000,979159.868750,1184135.136000,1292052.808920,1305571.580696,1307188.495000
cFCFS,500,250000,0.1,225275,24725,11.094000,353652.204500,712941.398000,1076480.796000,1281360.985000,1469059.975420,1484836.134040,1489534.120000,1019.942000,354374.348000,706667.166000,1071431.047000,1285308.208400,1471583.652640,1486409.948852,1487623.327000
cFCFS,500,275000,0.1,247709,27291,8.350000,429765.334000,854813.379000,1309810.806000,1570595.752200,1712334.315520,1729510.955048,1730770.125000,1037.642000,432900.666000,850862.537000,1309278.608500,1570650.878000,1713625.128600,1730670.718720,1732252.030000
cFCFS,500,300000,0.1,269939,30061,6.460000,485130.128000,970096.153000,1468508.042500,1759492.411600,1928357.285180,1945246.459722,1949349.460000,1006.280000,494477.839000,984415.044000,1478624.731000,1764471.566000,1929375.947400,1946470.488240,1947934.372000
cFCFS,500,325000,0.1,292619,32381,10.455000,575355.922000,1136413.431000,1684555.213500,1998947.788600,2230771.641020,2246372.726630,2248549.474000,1041.338000,576758.804000,1131059.412000,1689686.776000,2001883.520000,2231571.150000,2247826.701720,2249709.699000
cFCFS,500,350000,0.1,314759,35241,10.201000,571713.022000,1203993.002000,1831837.655000,2177162.622400,2408331.727420,2434949.625954,2439286.028000,1104.056000,567210.605000,1202294.659000,1833229.473000,2184420.056000,2409439.821800,2434739.258240,2438137.990000
cFCFS,500,375000,0.1,337717,37283,7.983000,691737.300000,1378216.618000,2059784.173000,2454440.179000,2685701.619680,2707995.702676,2711052.453000,1009.262000,692765.565000,1378519.003000,2057808.308500,2450016.527600,2687635.037360,2709027.135724,2712061.263000
cFCFS,500,400000,0.1,359825,40175,8.743000,759632.809000,1505045.126000,2231267.159000,2659063.204000,2926698.232400,2952392.625808,2959164.464000,1105.641000,757636.745500,1497790.335000,2222727.285500,2654170.724400,2927180.598820,2954267.156560,2958616.627000
cFCFS,500,425000,0.1,382129,42871,10.414000,841520.741000,1639351.747000,2446065.619000,2925280.081400,3222270.577120,3250290.109160,3254699.360000,1056.924000,836032.286500,1630286.051000,2440462.065000,2926053.477000,3224008.472500,3250997.774000,3254102.937000
cFCFS,500,450000,0.1,404789,45211,12.748000,883033.914000,1737577.012000,2662308.023000,3181914.430000,3482012.220360,3518093.000580,3524105.236000,1068.897000,882437.361000,1745288.544000,2665672.876500,3180514.499000,3485050.093600,3519636.478640,3523282.592000
cFCFS,500,475000,0.1,427303,47697,9.827000,971318.986000,1904780.971000,2885830.477000,3467880.799000,3825802.513840,3859831.340458,3864262.849000,1019.280000,975069.073000,1896636.133000,2874195.821000,3472208.191600,3829861.315000,3861738.040976,3865142.327000
cFCFS,500,500000,0.1,450210,49790,17.556000,1111677.714750,2099470.919000,3134324.854250,3737346.892400,4116306.660040,4149191.447822,4154094.577000,1120.980000,1121417.040250,2111164.766000,3140625.441250,3736355.222400,4116144.210100,4149823.815012,4153393.412000
cFCFS,500,0,0.5,0,0,0.000000,0.000000,0.000000,0.000000,0.000000,0.000000,0.000000,0.000000,0.000000,0.000000,0.000000,0.000000,0.000000,0.000000,0.000000,0.000000
cFCFS,500,25000,0.5,12527,12473,7.580000,56217.150500,92735.540000,148883.811500,184567.468200,203284.757880,208246.430074,208823.375000,1007.182000,58051.824000,94317.508000,152161.687000,185832.218200,205128.083640,209756.524208,224366.487000
cFCFS,500,50000,0.5,24960,25040,14.327000,352391.131250,693859.439500,1007456.969250,1236909.270000,1350483.239390,1358348.597241,1360255.743000,1327.929000,348144.427000,693649.576500,1012425.769250,1240339.226400,1351584.652630,1359557.664890,1363054.951000
cFCFS,500,75000,0.5,37467,37533,12.210000,711077.434000,1325727.362000,2000461.209000,2418921.809400,2647135.730400,2664103.897736,2666178.727000,1015.950000,708029.486000,1322890.887000,1999607.382000,2409989.810000,2645449.566000,2665414.163436,2678895.587000
cFCFS,500,100000,0.5,50109,49891,17.147000,993879.163000,1950898.892000,2976648.350000,3554554.043800,3885004.477480,3922507.909372,3931290.106000,1023.540000,984395.596000,1937511.237000,2965205.807000,3534447.536000,3886425.258400,3926621.918100,3930157.503000
cFCFS,500,125000,0.5,62362,62638,80.481000,1226173.954250,2565005.246000,3940555.976500,4714720.078400,5040221.614990,5071091.092675,5076357.829000,1143.105000,1231603.228500,2556245.320500,3929240.754500,4722527.744400,5040031.798230,5071813.678791,5076366.136000
cfs,0,0,0,0,0,0.000000,0.000000,0.000000,0.000000,0.000000,0.000000,0.000000,0.000000,0.000000,0.000000,0.000000,0.000000,0.000000,0.000000,0.000000,0.000000
cfs,0,25000,0,25000,0,4.282000,10.084750,13.211500,32.962750,118.544100,565.639460,1448.527910,7074.133000,0.000000,0.000000,0.000000,0.000000,0.000000,0.000000,0.000000,0.000000
cfs,0,50000,0,50000,0,4.253000,8.894750,11.903000,43.638500,230.401400,1405.561470,2196.205853,6201.440000,0.000000,0.000000,0.000000,0.000000,0.000000,0.000000,0.000000,0.000000
cfs,0,75000,0,75000,0,4.170000,8.751000,11.898000,66.972750,409.154200,1251.680160,1895.139288,11520.933000,0.000000,0.000000,0.000000,0.000000,0.000000,0.000000,0.000000,0.000000
cfs,0,100000,0,100000,0,3.989000,8.403000,11.486000,36.691250,374.164200,2114.625880,4784.586150,13255.766000,0.000000,0.000000,0.000000,0.000000,0.000000,0.000000,0.000000,0.000000
cfs,0,125000,0,125000,0,4.584000,9.167750,13.888500,131.706750,789.404700,2437.280120,3276.437050,16064.644000,0.000000,0.000000,0.000000,0.000000,0.000000,0.000000,0.000000,0.000000
cfs,0,150000,0,150000,0,4.360000,8.724000,12.885000,48.087750,768.201800,4934.319350,6761.643477,12065.377000,0.000000,0.000000,0.000000,0.000000,0.000000,0.000000,0.000000,0.000000
cfs,0,175000,0,175000,0,4.399000,9.889000,15.370000,110.664000,742.909900,2670.272130,4362.053574,17307.630000,0.000000,0.000000,0.000000,0.000000,0.000000,0.000000,0.000000,0.000000
cfs,0,200000,0,200000,0,3.686000,12.046000,25.483000,627.329750,3230.979800,9715.467780,11176.883129,17521.909000,0.000000,0.000000,0.000000,0.000000,0.000000,0.000000,0.000000,0.000000
cfs,0,225000,0,225000,0,3.995000,12.926000,25.745500,331.727000,2147.914300,13947.754450,15830.362038,20014.078000,0.000000,0.000000,0.000000,0.000000,0.000000,0.000000,0.000000,0.000000
cfs,0,250000,0,250000,0,4.308000,14.066000,31.643000,446.891250,1553.398400,3879.776710,4461.532043,24839.880000,0.000000,0.000000,0.000000,0.000000,0.000000,0.000000,0.000000,0.000000
cfs,0,275000,0,275000,0,3.832000,16.108000,39.965500,438.478000,1502.199000,4345.170230,7849.918698,18056.544000,0.000000,0.000000,0.000000,0.000000,0.000000,0.000000,0.000000,0.000000
cfs,0,300000,0,300000,0,3.809000,17.837000,51.812500,820.638250,2661.185800,11416.781340,13174.908881,22994.691000,0.000000,0.000000,0.000000,0.000000,0.000000,0.000000,0.000000,0.000000
cfs,0,325000,0,325000,0,3.642000,24.460000,191.555500,1345.702500,2946.870500,7889.156910,10235.402276,21111.776000,0.000000,0.000000,0.000000,0.000000,0.000000,0.000000,0.000000,0.000000
cfs,0,350000,0,350000,0,4.510000,29.011750,402.441500,2424.772750,5633.924600,11429.880740,12592.641342,27557.290000,0.000000,0.000000,0.000000,0.000000,0.000000,0.000000,0.000000,0.000000
cfs,0,375000,0,375000,0,4.446000,33.307000,414.515500,2592.912500,8487.551000,21371.794560,23583.847441,36586.079000,0.000000,0.000000,0.000000,0.000000,0.000000,0.000000,0.000000,0.000000
cfs,0,400000,0,400000,0,4.269000,83.353500,1095.084500,3680.436000,8508.989300,21572.541240,24101.763055,31835.898000,0.000000,0.000000,0.000000,0.000000,0.000000,0.000000,0.000000,0.000000
cfs,0,425000,0,425000,0,3.755000,36.488750,215.384500,1233.994750,2828.954900,5634.866970,6516.412022,15796.447000,0.000000,0.000000,0.000000,0.000000,0.000000,0.000000,0.000000,0.000000
cfs,0,450000,0,450000,0,4.444000,409.449000,1474.745000,3291.791250,4795.425300,9058.414330,9808.141372,23825.262000,0.000000,0.000000,0.000000,0.000000,0.000000,0.000000,0.000000,0.000000
cfs,0,475000,0,475000,0,4.967000,2524.781750,5761.674000,9245.782750,12133.449800,14721.747480,15775.928085,31553.040000,0.000000,0.000000,0.000000,0.000000,0.000000,0.000000,0.000000,0.000000
cfs,0,500000,0,500000,0,4.761000,1979.123250,3572.320000,5236.986000,6739.252100,9232.704100,9652.593021,21392.991000,0.000000,0.000000,0.000000,0.000000,0.000000,0.000000,0.000000,0.000000
cfs,0,0,0.01,0,0,0.000000,0.000000,0.000000,0.000000,0.000000,0.000000,0.000000,0.000000,0.000000,0.000000,0.000000,0.000000,0.000000,0.000000,0.000000,0.000000
cfs,0,25000,0.01,24752,248,4.394000,10.688000,17.767500,44.291000,150.153800,747.385250,1523.570864,12692.054000,1005.444000,1009.881250,1015.044500,1043.157000,1215.970700,2889.116450,3726.725806,3812.707000
cfs,0,50000,0.01,49513,487,3.990000,9.301000,13.233000,51.192000,229.599600,1573.666000,2415.938608,8531.661000,1003.865000,1008.484500,1012.832000,1062.496500,1258.720200,2514.649740,4307.689486,4410.721000
cfs,0,75000,0.01,74233,767,4.349000,9.164000,13.174000,84.986000,530.784600,2344.102880,3157.756608,13084.250000,1004.195000,1008.470000,1014.734000,1131.605000,1885.294000,3604.264920,8511.059808,8705.633000
cfs,0,100000,0.01,99003,997,3.929000,8.940000,13.159000,78.677500,599.062600,2628.359320,3193.826510,27068.719000,1003.994000,1007.980000,1012.742000,1116.472000,2037.302800,4883.218360,13408.856428,21078.910000
cfs,0,125000,0.01,123767,1233,3.924000,9.616000,15.004000,117.935000,774.114200,4639.869420,7358.789862,17164.589000,1003.778000,1008.639000,1015.330000,1177.401000,2079.566200,6528.254120,8899.036584,9373.155000
cfs,0,150000,0.01,148510,1490,3.845000,11.689000,23.485500,391.244000,1769.927400,6433.439420,8012.062551,20140.595000,1003.844000,1011.621250,1033.562500,1479.978250,2955.037100,7816.979880,12437.072033,20790.949000
cfs,0,175000,0.01,173278,1722,3.621000,14.046000,49.540000,873.918250,2782.314000,7441.644040,9007.646974,34542.246000,1003.601000,1013.735000,1085.930500,2077.113250,4036.975900,9189.885290,13165.416446,19385.373000
cfs,0,200000,0.01,198004,1996,3.825000,15.295000,39.343500,452.776500,2105.880700,8226.171110,10897.342690,16757.641000,1002.705000,1015.036750,1057.530000,1614.174750,3378.137500,10541.683000,13180.139815,17403.930000
cfs,0,225000,0.01,222669,2331,4.085000,28.744000,369.745000,2223.032000,6905.481200,18838.385600,24820.709864,30372.712000,1004.214000,1032.736500,1432.892000,3536.660500,8196.091000,19586.910700,25080.310930,26271.324000
cfs,0,250000,0.01,247475,2525,4.382000,24.885500,177.541000,836.907000,2501.527800,6133.186260,7277.566444,31276.046000,1003.708000,1025.722000,1189.279000,1944.908000,3634.752000,7295.519880,15784.142760,23466.054000
cfs,0,275000,0.01,272142,2858,4.450000,218.275500,1519.488500,6638.651000,10501.426400,16761.484480,18333.140091,42119.328000,1004.010000,1227.137250,2579.876000,8162.061500,11444.495500,17727.099610,26106.625695,34200.672000
cfs,0,300000,0.01,296948,3052,4.509000,2547.865250,8077.947000,17703.546000,22638.923700,32653.067120,33475.270515,49331.954000,1005.056000,3759.726500,9663.451000,18715.893750,23864.701900,33798.022930,35454.140053,49111.687000
cfs,0,325000,0.01,321703,3297,4.555000,3953.917500,6626.637000,10558.031500,12431.969000,16489.518280,17650.051068,37335.549000,1004.431000,4833.582000,7633.113000,11641.856000,14060.081800,18265.341920,35134.558520,39216.838000
cfs,0,350000,0.01,346442,3558,4.586000,16006.756000,37642.998000,39915.195000,47283.712000,59651.193520,60828.836723,77260.476000,1004.140000,17442.357000,38763.575000,41102.866750,52486.942100,60992.307230,69026.906029,79266.920000
cfs,0,375000,0.01,371400,3600,5.028000,21090.926500,42730.670500,66855.318500,73211.101700,92438.282170,92966.939250,105351.138000,1006.879000,22420.754000,43344.492000,67684.388000,79523.031300,93359.499970,94824.947346,109299.024000
cfs,0,400000,0.01,395806,4194,6.100000,45031.840000,91629.206500,127896.302750,153513.027000,168014.736800,169804.373230,185309.509000,1006.382000,45495.566000,89097.339000,129147.677000,154775.470900,169266.127170,170798.351892,175545.736000
cfs,0,425000,0.01,420770,4230,6.512000,60425.600500,133920.325000,188265.798250,216542.036400,238199.927170,241646.899320,253784.193000,1213.800000,58211.291250,133912.468000,185680.471750,217673.528200,240160.659040,243535.220086,251689.088000
cfs,0,450000,0.01,445469,4531,4.808000,90314.858000,165935.048000,257021.853000,295801.751800,314319.750160,317181.403564,326728.832000,1022.679000,86941.611500,165568.610000,255746.594500,294332.355000,315518.847100,318208.097760,326710.111000
cfs,0,475000,0.01,470252,4748,5.551000,87183.529000,196915.281500,299441.255000,365413.263600,398909.106510,402158.790976,410330.240000,1070.221000,90917.910500,197982.357000,299268.356000,366876.517100,400470.983870,403113.437061,410848.414000
cfs,0,500000,0.01,495014,4986,6.649000,113665.660750,251626.304000,364780.383250,425687.044100,473852.342030,476554.994178,489144.368000,1040.511000,115424.142250,257925.868500,366164.528750,426719.773500,473888.771950,477516.326905,489675.316000
cfs,0,0,0.1,0,0,0.000000,0.000000,0.000000,0.000000,0.000000,0.000000,0.000000,0.000000,0.000000,0.000000,0.000000,0.000000,0.000000,0.000000,0.000000,0.000000
cfs,0,25000,0.1,22541,2459,4.567000,10.609000,20.086000,59.212000,659.930000,3237.289600,4630.459960,13191.802000,1003.853000,1009.974000,1021.810000,1075.296000,1930.866200,4623.761060,7197.687848,12694.287000
cfs,0,50000,0.1,44940,5060,4.615000,47.028500,504.479000,2404.509250,4799.707400,9560.078020,13926.265357,40881.279000,1003.615000,1061.131250,1603.409500,4121.157250,6565.498300,14263.036450,32119.901924,86507.846000
cfs,0,75000,0.1,67446,7554,6.404000,52294.021750,107947.197500,155667.085000,240169.688000,265204.892200,267962.569010,334772.849000,1009.935000,53689.946500,108257.823000,159077.431000,242564.465900,267218.635200,278038.484195,300399.143000
cfs,0,100000,0.1,89930,10070,9.132000,168555.186000,311891.000500,456021.889250,556444.834300,620111.976200,624526.258713,649696.019000,1012.324000,171510.636500,316059.533500,460304.924000,562203.833900,622108.933800,627043.267375,649793.593000
cfs,0,125000,0.1,112496,12504,5.027000,234180.549500,466324.472000,777941.740750,945655.853500,1050663.668350,1061373.069960,1082690.950000,1012.620000,236786.471000,472662.814000,780174.287250,952213.285500,1052554.799800,1063104.378820,1153818.926000
cfs,0,150000,0.1,134975,15025,16.135000,326299.458000,698495.245000,1126572.738000,1348046.996400,1466611.576100,1481884.856474,1495088.246000,1015.162000,328785.708000,690004.022000,1109347.683000,1344868.471800,1469864.946760,1483631.640000,1743314.335000
cfs,0,175000,0.1,157652,17348,6.007000,455286.109000,943446.315000,1445028.588750,1752447.100200,1909345.186460,1934257.594351,1942495.880000,1015.694000,459434.074000,941438.874500,1447138.960750,1750931.770300,1909103.070040,1935505.419050,2020950.276000
cfs,0,200000,0.1,179932,20068,5.536000,530610.147750,1157996.264000,1743450.455750,2126336.995000,2334955.831440,2362128.719430,2367452.583000,1022.786000,544913.701250,1167323.456000,1757402.387250,2134036.073000,2338303.580580,2364790.903099,2366913.003000
cfs,0,225000,0.1,202292,22708,6.884000,626197.084500,1358061.703000,2082770.407000,2499940.055500,2769628.331580,2799159.455255,2804241.723000,1014.396000,633826.078250,1370359.782500,2082800.481750,2500859.699200,2770209.432790,2800274.125106,2808678.572000
cfs,0,250000,0.1,225006,24994,6.509000,776400.556500,1593933.436000,2438944.165500,2949511.575000,3246362.928750,3273245.132910,3286829.941000,1006.767000,781498.154500,1602580.432000,2442070.302000,2951539.021400,3245746.470720,3275909.462159,3318547.167000
cfs,0,275000,0.1,247424,27576,6.387000,873886.631750,1825327.793500,2761623.473750,3338034.180600,3674105.425700,3707902.073487,3715922.472000,1005.883000,878552.083750,1823682.347500,2768445.489750,3347887.948500,3676257.032750,3708997.208700,3717746.582000
cfs,0,300000,0.1,269903,30097,8.096000,993693.000000,2047372.495000,3073092.050000,3701829.566600,4073645.573400,4111572.097654,4117382.200000,1025.240000,994400.352000,2044227.237000,3068802.357000,3697925.097600,4074031.642160,4113761.896984,4169023.556000
cfs,0,325000,0.1,292381,32619,16.360000,1097466.219000,2239751.954000,3379628.931000,4069638.355000,4467872.393800,4510638.543260,4518962.344000,1027.098000,1100393.069500,2246949.607000,3370915.956000,4058251.373200,4472706.880120,4512210.742734,4564464.773000
cfs,0,350000,0.1,315067,34933,10.327000,1216727.103500,2486244.501000,3705720.410500,4471770.633400,4926378.224600,4969736.546358,4975099.753000,1076.688000,1206617.881000,2468293.491000,3707542.610000,4461089.266000,4927216.398800,4971450.527460,4979276.054000
cfs,0,0,0.5,0,0,0.000000,0.000000,0.000000,0.000000,0.000000,0.000000,0.000000,0.000000,0.000000,0.000000,0.000000,0.000000,0.000000,0.000000,0.000000,0.000000
cfs,0,25000,0.5,12496,12504,8.220000,255323.080250,455792.503000,683089.386250,844599.659000,944898.756000,953603.795210,960680.239000,1006.381000,255723.807250,459648.013000,688430.458500,849757.557300,945964.402960,955387.196789,968629.619000
cfs,0,50000,0.5,25146,24854,9.675000,748911.516500,1501243.159000,2257729.164750,2698704.456500,2973005.270250,2996590.582690,3002370.245000,1006.110000,742835.057250,1486913.672000,2260019.369500,2708459.057700,2976095.151640,2999232.457589,3005398.121000
cfs,0,75000,0.5,37320,37680,9.157000,1222076.723000,2559037.420500,3843873.653500,4635898.599400,5014031.462500,5025803.999134,5030577.342000,1009.206000,1230753.752500,2557784.480000,3860254.284250,4628971.467800,5014724.103490,5027473.544768,5282388.320000
orca,0,0,0,0,0,0.000000,0.000000,0.000000,0.000000,0.000000,0.000000,0.000000,0.000000,0.000000,0.000000,0.000000,0.000000,0.000000,0.000000,0.000000,0.000000
orca,0,25000,0,25000,0,4.682000,13.628250,28.406000,83.085000,263.220400,1460.495780,3030.916675,12634.797000,0.000000,0.000000,0.000000,0.000000,0.000000,0.000000,0.000000,0.000000
orca,0,50000,0,50000,0,4.809000,14.427000,40.511000,148.798500,381.123500,1097.454310,5254.350692,8555.023000,0.000000,0.000000,0.000000,0.000000,0.000000,0.000000,0.000000,0.000000
orca,0,75000,0,75000,0,4.789000,16.010000,55.054000,275.055250,870.989000,4338.983390,8143.620268,15120.042000,0.000000,0.000000,0.000000,0.000000,0.000000,0.000000,0.000000,0.000000
orca,0,100000,0,100000,0,4.437000,18.341000,72.311500,306.422250,820.072700,2411.856260,4603.495878,15214.197000,0.000000,0.000000,0.000000,0.000000,0.000000,0.000000,0.000000,0.000000
orca,0,125000,0,125000,0,4.529000,28.990750,134.900000,515.783750,1313.543800,4286.718120,7089.169536,16280.587000,0.000000,0.000000,0.000000,0.000000,0.000000,0.000000,0.000000,0.000000
orca,0,150000,0,150000,0,4.703000,35.146000,204.066000,842.209500,2225.871000,10915.294070,12954.360924,21911.979000,0.000000,0.000000,0.000000,0.000000,0.000000,0.000000,0.000000,0.000000
orca,0,175000,0,175000,0,3.903000,43.124500,210.405500,662.908250,1496.239500,4588.239760,8057.590257,16076.829000,0.000000,0.000000,0.000000,0.000000,0.000000,0.000000,0.000000,0.000000
orca,0,200000,0,200000,0,4.332000,57.803250,355.640500,1343.905500,3060.178200,7333.137300,10972.738102,29796.774000,0.000000,0.000000,0.000000,0.000000,0.000000,0.000000,0.000000,0.000000
orca,0,225000,0,225000,0,4.873000,97.372000,529.096000,1868.920250,3826.389200,10646.061440,12473.956252,31328.540000,0.000000,0.000000,0.000000,0.000000,0.000000,0.000000,0.000000,0.000000
orca,0,250000,0,250000,0,4.913000,218.320500,921.919500,2439.940000,4660.631000,10880.773500,13133.860262,30193.450000,0.000000,0.000000,0.000000,0.000000,0.000000,0.000000,0.000000,0.000000
orca,0,275000,0,275000,0,4.962000,538.589000,1959.772500,5959.451500,10518.132600,18529.602300,22890.105196,52395.931000,0.000000,0.000000,0.000000,0.000000,0.000000,0.000000,0.000000,0.000000
orca,0,300000,0,300000,0,4.613000,509.387500,1696.501000,4424.956750,7967.913800,14841.215220,16619.900014,31319.159000,0.000000,0.000000,0.000000,0.000000,0.000000,0.000000,0.000000,0.000000
orca,0,325000,0,325000,0,5.132000,863.283000,2658.703000,6193.643250,11484.191900,24906.905980,27134.736271,45151.909000,0.000000,0.000000,0.000000,0.000000,0.000000,0.000000,0.000000,0.000000
orca,0,350000,0,350000,0,5.083000,1610.663000,4397.213500,7651.983000,11424.780300,15302.636170,16359.700049,66892.173000,0.000000,0.000000,0.000000,0.000000,0.000000,0.000000,0.000000,0.000000
orca,0,375000,0,375000,0,4.916000,645.150250,1905.851500,3895.496250,6270.590700,11904.028740,12942.577484,80956.574000,0.000000,0.000000,0.000000,0.000000,0.000000,0.000000,0.000000,0.000000
orca,0,400000,0,400000,0,5.272000,2523.860750,5284.524000,10272.672000,15260.131000,31883.540910,34779.132006,78762.334000,0.000000,0.000000,0.000000,0.000000,0.000000,0.000000,0.000000,0.000000
orca,0,425000,0,425000,0,4.797000,12489.141000,15744.913500,18719.089500,23280.448100,28110.175510,28954.661853,79258.246000,0.000000,0.000000,0.000000,0.000000,0.000000,0.000000,0.000000,0.000000
orca,0,450000,0,450000,0,5.376000,7684.098250,12841.750500,18100.165750,29524.791800,35836.066150,36153.886172,105895.057000,0.000000,0.000000,0.000000,0.000000,0.000000,0.000000,0.000000,0.000000
orca,0,475000,0,475000,0,5.756000,27558.064750,45780.680000,111021.221250,121944.963800,125499.482140,126240.731037,196299.395000,0.000000,0.000000,0.000000,0.000000,0.000000,0.000000,0.000000,0.000000
orca,0,500000,0,500000,0,7.782000,18254.484500,38393.244000,76174.231000,87973.979600,90577.852320,91256.887325,153486.169000,0.000000,0.000000,0.000000,0.000000,0.000000,0.000000,0.000000,0.000000
orca,0,0,0.01,0,0,0.000000,0.000000,0.000000,0.000000,0.000000,0.000000,0.000000,0.000000,0.000000,0.000000,0.000000,0.000000,0.000000,0.000000,0.000000,0.000000
orca,0,25000,0.01,24751,249,4.525000,13.216000,27.435000,75.859000,235.144000,1193.832500,2842.555500,13598.461000,1004.360000,1013.361000,1032.938000,1106.594000,1460.926400,4052.936960,7244.054648,7914.138000
orca,0,50000,0.01,49474,526,4.557000,14.905250,41.510500,134.143500,394.669600,1462.993390,2533.697356,11517.235000,1004.587000,1016.969250,1055.051000,1239.019000,1768.012500,5503.112000,8550.195525,9032.565000
orca,0,75000,0.01,74250,750,4.550000,16.102250,46.845000,166.535000,525.744100,3542.251370,5331.666244,26867.798000,1004.830000,1016.680750,1059.276500,1233.332750,2065.793700,5438.498800,8813.580409,9584.795000
orca,0,100000,0.01,99028,972,4.536000,26.188000,131.339000,616.795250,1685.975000,4296.104080,7367.654167,15904.307000,1004.382000,1028.719250,1181.809500,1737.031500,2830.431400,6213.830060,8621.172186,12747.761000
orca,0,125000,0.01,123761,1239,4.467000,29.708000,173.741000,775.598000,2569.305000,6768.785400,7836.957440,14442.730000,1004.273000,1032.159000,1197.853000,1842.788000,3675.289400,8305.406480,22295.385006,28977.577000
orca,0,150000,0.01,148471,1529,4.412000,107.442000,577.616000,1860.370500,3484.098000,6412.439700,7095.872050,32150.086000,1004.232000,1136.991000,1725.529000,3048.427000,5273.374800,8023.668360,12514.849760,15684.768000
orca,0,175000,0.01,173214,1786,4.305000,189.977750,1006.413000,3707.686250,6969.294800,13675.566910,15413.613003,37929.101000,1003.911000,1207.064000,2063.063500,4911.133250,8433.845000,15699.849250,21620.924680,30452.677000
orca,0,200000,0.01,198087,1913,4.496000,413.069500,1599.148000,3905.169500,7294.491200,10698.919620,12244.784046,50038.593000,1004.486000,1481.238000,2694.848000,5224.038000,8709.581000,13251.804800,24211.444336,35212.728000
orca,0,225000,0.01,222817,2183,4.429000,1163.590000,3443.074000,6919.381000,9748.865200,15251.146040,17828.640720,63730.029000,1004.750000,2247.395000,4769.999000,8318.222000,11181.891200,17383.200780,24304.702932,30252.418000
orca,0,250000,0.01,247558,2442,4.412000,1531.974750,5450.801500,17119.864500,31638.816000,37938.092430,39669.778857,119928.879000,1004.570000,2721.591250,6838.311500,19237.582500,33091.754300,39115.805270,51760.848612,61595.602000
orca,0,275000,0.01,272267,2733,4.613000,7704.747500,23809.285000,39287.652000,42503.262400,48774.559900,51188.446686,137948.457000,1012.361000,9941.200000,24780.601000,40264.312000,43784.683200,50451.154320,59422.086012,66058.060000
orca,0,300000,0.01,296951,3049,4.613000,9122.057500,18900.599000,22573.843500,25584.700000,29719.759000,30431.607750,155204.355000,1004.645000,10150.489000,20037.276000,23907.311000,27058.587000,31157.888400,40690.084984,53245.513000
orca,0,325000,0.01,321672,3328,12.696000,36186.430750,69996.493500,121194.967500,137363.473200,164196.348260,180803.558979,248787.005000,2015.377000,36726.249500,70145.330500,122797.718750,139266.584200,166704.681330,180950.172559,181997.416000
orca,0,350000,0.01,346505,3495,7.986000,72144.057000,134053.790000,205836.074000,241262.399800,256636.703160,257982.057984,395017.011000,1020.686000,73279.585000,135053.971000,206619.249000,243397.185800,257786.290060,263226.740200,345848.325000
orca,0,375000,0.01,371273,3727,6.946000,76930.772000,169221.165000,235475.099000,292068.984600,327211.914720,330886.180120,390541.772000,1033.206000,79672.435000,169488.342000,237255.790000,294670.998200,329451.084980,331989.108850,339610.306000
orca,0,400000,0.01,396053,3947,41.802000,131279.243000,245950.847000,316712.871000,354814.387200,375998.358880,376860.972580,457348.168000,1173.140000,124616.191500,241968.102000,315611.665500,355760.765200,376956.988580,378836.333176,384289.898000
orca,0,425000,0.01,420713,4287,8.567000,140177.125000,249979.457000,367795.067000,419416.510600,464899.578760,466864.220584,509868.935000,1036.010000,138923.256500,252993.377000,368610.751000,420491.883800,465760.489460,468555.832106,480901.797000
orca,0,450000,0.01,445536,4464,6.210000,158881.780250,342767.781000,480540.161000,530808.024000,561249.321850,571843.781055,590570.669000,1055.900000,159993.201750,343909.331000,480352.060500,529695.452300,564946.573790,573790.026660,577026.229000
orca,0,475000,0.01,470246,4754,8.962000,205798.655250,385833.451500,555503.839750,677348.440000,716715.029700,722370.524905,771350.294000,1075.547000,206286.676250,386449.104000,556104.687750,677834.794600,716541.476030,723838.595523,730388.273000
orca,0,500000,0.01,494917,5083,23.049000,212945.673000,411728.298000,585346.348000,716289.675800,776573.807760,780882.652260,828169.651000,1123.029000,210726.808000,400881.986000,581764.429000,713262.734400,777343.191240,781896.628204,804024.735000
orca,0,0,0.1,0,0,0.000000,0.000000,0.000000,0.000000,0.000000,0.000000,0.000000,0.000000,0.000000,0.000000,0.000000,0.000000,0.000000,0.000000,0.000000,0.000000
orca,0,25000,0.1,22504,2496,4.459000,20.310250,42.138000,116.061750,507.697000,1937.134990,3816.667672,4913.658000,1003.667000,1030.145000,1094.901500,1443.518000,2117.002000,4189.916100,7114.307295,8468.228000
orca,0,50000,0.1,45066,4934,4.533000,15.173250,41.104500,156.163500,518.314500,3052.306550,4222.561915,9961.934000,1003.930000,1020.771750,1091.091500,1384.849750,1872.140500,4649.187930,9368.419600,16834.064000
orca,0,75000,0.1,67286,7714,4.720000,87.373000,470.449000,1258.157750,3097.092000,6057.990850,7522.211260,11294.743000,1003.853000,1234.802250,1675.059500,2744.217500,4572.770600,8317.735210,13564.387757,27517.995000
orca,0,100000,0.1,89987,10013,4.545000,4543.552500,6918.583000,14800.220000,22519.546800,24190.210020,25041.280184,25808.217000,1004.862000,5916.886000,8257.670000,16794.310000,23916.609400,25635.865640,27302.912956,42543.832000
orca,0,125000,0.1,112473,12527,5.692000,40912.423000,101411.501000,130181.373000,158404.538200,178412.170360,180138.413120,180586.902000,1017.132000,43304.274000,103069.821000,131645.883000,160108.641000,179599.276420,181362.993588,182704.273000
orca,0,150000,0.1,134875,15125,7.673000,119409.737000,264948.149000,362938.425500,435700.622400,463169.615840,474170.535642,481126.083000,1016.010000,119929.641000,266859.334000,364565.974000,436821.926000,464244.383080,476864.268276,479670.773000
orca,0,175000,0.1,157573,17427,6.284000,181190.790000,377080.323000,560432.147000,666285.952600,714269.810880,719361.074228,720702.566000,1018.017000,182488.597500,377199.645000,560771.156000,663147.842000,715318.815120,720550.787188,721512.386000
orca,0,200000,0.1,179883,20117,10.787000,227858.798500,470154.940000,712886.957000,855436.258800,927146.790780,936072.741092,941553.972000,1016.878000,233263.761000,476919.596000,707433.130000,854928.007600,928602.429320,938269.156560,939331.843000
orca,0,225000,0.1,202366,22634,8.612000,262986.780250,582557.139000,880360.153500,1068785.785000,1158973.542100,1170349.270220,1171298.589000,1026.518000,263952.454000,583058.590500,881039.560250,1069687.588800,1161234.633800,1171545.887856,1172364.258000
orca,0,250000,0.1,225035,24965,7.628000,337442.567500,688540.907000,1048128.070500,1275322.208000,1399040.549800,1406990.697210,1407662.235000,1020.889000,335631.860000,684380.819000,1048970.898000,1282642.787600,1400558.419360,1408134.323796,1408982.569000
orca,0,275000,0.1,247516,27484,7.680000,419729.644750,845790.468000,1265383.968500,1507724.235500,1664492.405650,1680077.140610,1681979.637000,1013.876000,429434.983000,850894.117500,1262981.124250,1509270.805600,1665457.078660,1681288.289804,1683952.065000
orca,0,300000,0.1,270075,29925,6.295000,503246.303000,989636.966000,1470301.683000,1763952.867000,1929033.381100,1946862.160916,1951245.536000,1037.249000,504579.341000,997145.245000,1474690.627000,1768614.852400,1929416.086800,1947604.064856,1949253.917000
orca,0,325000,0.1,292398,32602,11.139000,572054.823250,1134254.519000,1663335.769000,2024123.073500,2225844.448650,2247081.095070,2248102.494000,1036.165000,579191.494250,1136330.097000,1682461.323750,2032139.939400,2229033.831250,2247811.923062,2249274.967000
orca,0,350000,0.1,315013,34987,13.219000,609449.007000,1220557.645000,1856224.207000,2213814.917000,2409514.646200,2424755.366508,2430355.447000,1053.451000,602159.779500,1211364.016000,1848102.162500,2212555.791000,2409092.682720,2425870.098372,2429248.345000
orca,0,375000,0.1,337542,37458,10.653000,686792.204750,1360017.195000,2065198.227500,2440054.910700,2706589.739990,2728766.749721,2730776.894000,1022.539000,689323.169500,1364039.272500,2056044.902500,2452386.954400,2708751.355050,2729896.828333,2732090.046000
orca,0,400000,0.1,360103,39897,11.805000,747251.487500,1458689.491000,2145794.001500,2559568.727200,2815916.560880,2843453.719494,2848522.374000,1025.943000,735046.020000,1444342.028000,2133002.623000,2560419.554600,2818266.867720,2844952.767352,2847183.825000
orca,0,425000,0.1,382745,42255,14.381000,798272.624000,1596190.899000,2371263.621000,2843073.843600,3126025.544400,3147237.675944,3151759.141000,1023.761000,799402.269000,1604100.379000,2381206.674000,2847063.158800,3126863.657480,3149406.440064,3152744.590000
orca,0,450000,0.1,405033,44967,8.331000,892562.177000,1706947.855000,2544432.131000,3019981.128600,3317605.846600,3347887.659088,3352317.860000,1028.963000,886701.601500,1699943.554000,2548680.396500,3031972.382400,3320756.987660,3348903.638234,3351234.377000
orca,0,475000,0.1,427403,47597,12.638000,992218.142000,1915994.895000,2846640.609500,3395531.908000,3722025.838040,3753584.283732,3758123.089000,1107.397000,1001210.488000,1928319.557000,2857334.424000,3396784.253400,3723140.699720,3754457.618480,3759317.308000
orca,0,500000,0.1,450056,49944,9.236000,997588.652000,1967748.393500,2929839.435250,3542025.686500,3916699.797300,3949099.939515,3955165.918000,1089.586000,998990.740000,1974939.202000,2939727.557750,3557019.121800,3917792.546500,3950484.169565,3953424.430000
orca,0,0,0.5,0,0,0.000000,0.000000,0.000000,0.000000,0.000000,0.000000,0.000000,0.000000,0.000000,0.000000,0.000000,0.000000,0.000000,0.000000,0.000000,0.000000
orca,0,25000,0.5,12509,12491,7.818000,64564.692000,114738.266000,170901.812000,189116.128200,205656.054200,207433.396512,207716.586000,1008.041000,66169.472500,115784.991000,171057.798000,189647.965000,206911.654800,208951.568390,219066.845000
orca,0,50000,0.5,24983,25017,739.873000,367438.177500,735300.595000,1100741.980500,1303743.602000,1433490.607640,1445701.985066,1449249.461000,1918.949000,365016.448000,739847.625000,1099517.577000,1309210.501400,1434873.492800,1447311.853400,1450754.312000
orca,0,75000,0.5,37410,37590,9.656000,679570.151250,1313876.170500,1958891.060500,2332174.069600,2593063.666520,2606021.237118,2608947.556000,1009.822000,669449.982750,1314376.399000,1962559.341500,2332978.284500,2593453.757500,2607414.456793,2616679.997000
orca,0,100000,0.5,50056,49944,8.292000,977565.766250,1879998.303000,2748031.779250,3268071.392500,3614077.705700,3652619.667030,3659129.999000,1010.632000,968089.450000,1868948.053000,2746425.509250,3264464.526500,3613558.208870,3654059.114783,3657870.537000
orca,0,125000,0.5,62703,62297,9.810000,1212517.048500,2479768.198000,3718307.807500,4416261.926200,4827069.131140,4868432.165474,4871249.201000,1009.315000,1210633.052000,2467193.437000,3713800.888000,4409099.639800,4829739.590400,4869732.761072,4880189.510000
orca,0,150000,0.5,75018,74982,17.568000,1583569.435750,3087568.157000,4580604.517750,5066920.103700,5145707.394990,5179784.112018,5185936.684000,1038.491000,1578228.244250,3073252.390500,4578113.176000,5067425.535200,5145775.479540,5181221.423461,5187496.094000
