sched_type,preemption_interval_us,throughput,proportion_long_jobs,num_short,num_long,short_0_pct,short_25_pct,short_50_pct,short_75_pct,short_90_pct,short_99_pct,short_99.9_pct,short_100_pct,long_0_pct,long_25_pct,long_50_pct,long_75_pct,long_90_pct,long_99_pct,long_99.9_pct,long_100_pct
dFCFS,0,30000,0,150000,0,1.121000,2.084000,2.712000,4.184250,7.340000,31.929020,471.738056,11495.663000,0.000000,0.000000,0.000000,0.000000,0.000000,0.000000,0.000000,0.000000
dFCFS,0,60000,0,300000,0,1.125000,2.175000,2.782000,4.257000,7.398100,36.640070,375.636087,11271.250000,0.000000,0.000000,0.000000,0.000000,0.000000,0.000000,0.000000,0.000000
dFCFS,0,90000,0,450000,0,1.140000,2.403000,3.089000,5.127000,8.495000,53.172050,4172.860030,13547.587000,0.000000,0.000000,0.000000,0.000000,0.000000,0.000000,0.000000,0.000000
dFCFS,0,120000,0,600000,0,1.129000,2.455000,3.251000,5.305000,8.689000,59.314020,2116.757965,13485.581000,0.000000,0.000000,0.000000,0.000000,0.000000,0.000000,0.000000,0.000000
dFCFS,0,150000,0,750000,0,1.113000,2.519750,3.453000,5.674000,9.228000,35.946010,2050.852212,13870.280000,0.000000,0.000000,0.000000,0.000000,0.000000,0.000000,0.000000,0.000000
dFCFS,0,180000,0,900000,0,1.108000,2.513000,3.479000,5.695000,9.275000,77.047150,772.769017,12296.264000,0.000000,0.000000,0.000000,0.000000,0.000000,0.000000,0.000000,0.000000
dFCFS,0,210000,0,1050000,0,1.115000,2.632000,3.838000,6.312000,10.521000,82.861050,8896.727032,16352.729000,0.000000,0.000000,0.000000,0.000000,0.000000,0.000000,0.000000,0.000000
dFCFS,0,30000,0.01,148466,1534,1.154000,2.246000,2.825000,5.570000,14.601500,777.185650,2000.809410,12047.032000,1000.255000,1001.289500,1001.910000,1005.062250,1019.993700,2797.038370,12087.245406,42457.114000
dFCFS,0,60000,0.01,296906,3094,1.147000,2.428000,3.206000,9.133000,183.797500,1247.927400,2123.507705,14894.715000,1000.169000,1001.448000,1002.312000,1010.062250,1246.784500,2351.830690,8744.948781,17801.940000
dFCFS,0,90000,0.01,445405,4595,1.129000,2.539000,3.751000,17.625000,839.687800,2784.868200,6774.410664,12175.712000,1000.214000,1001.565000,1002.959000,1030.241500,1890.936800,4118.600180,9720.574276,16232.076000
dFCFS,0,120000,0.01,594028,5972,1.132000,2.774000,4.980000,54.129500,942.920300,2813.153820,11802.882602,13174.671000,1000.221000,1001.849000,1004.381500,1074.617000,1973.784600,3910.969560,12864.134278,19627.971000
dFCFS,0,150000,0.01,742572,7428,1.123000,2.980000,5.987000,279.154750,1392.373300,3433.796700,11604.167834,18009.722000,1000.230000,1002.021000,1005.164000,1387.170000,2587.830400,4771.640970,12880.972920,17543.407000
dFCFS,0,180000,0.01,890881,9119,1.122000,3.271000,7.808000,818.575000,2302.791000,6416.217200,12563.968160,13680.967000,1000.197000,1002.374500,1007.903000,1846.865500,3454.619200,7778.286720,13678.886256,19996.950000
dFCFS,0,210000,0.01,1039499,10501,1.111000,3.626000,9.032000,770.544500,1987.693000,5202.123020,7282.020620,12667.357000,1000.212000,1002.676000,1009.202000,1840.980000,3062.111000,6167.216000,9412.774500,20238.085000
dFCFS,0,30000,0.1,134885,15115,1.176000,2.551000,6.635000,1011.918000,3018.998200,6297.848520,9954.083216,11978.842000,1000.180000,1001.577000,1006.862000,2036.858500,4073.095400,7601.441480,12008.377570,16706.040000
dFCFS,0,60000,0.1,270269,29731,1.134000,953.455000,4043.319000,8342.738000,12377.372200,20440.892560,25120.955004,26326.235000,1000.186000,1968.840500,5066.448000,9476.247000,13637.467000,22415.774100,27857.176520,42726.420000
dFCFS,0,90000,0.1,405148,44852,1.233000,400529.614500,782752.611000,1161031.206500,1382313.666800,1507806.683790,1521055.379041,1525204.366000,1001.555000,398856.554500,779739.433000,1159285.821000,1381119.733800,1509277.031720,1522271.110843,1528253.165000
dFCFS,0,120000,0.1,540306,59694,1.287000,941249.742000,1892704.382500,2979671.983500,3625883.082000,3977019.454700,4007433.189355,4013467.274000,1000.873000,943558.079750,1888556.419000,2965230.487750,3625022.928300,3977430.655590,4008631.847351,4017774.172000
dFCFS,0,150000,0.1,674979,75021,1.466000,1488207.438000,3014228.029000,6005418.203500,7172358.701600,7701031.460340,7759654.380780,7767500.653000,1001.714000,1485763.353000,3007727.754000,6007417.099000,7175300.868000,7700660.555200,7761000.245020,7771254.731000
dFCFS,0,180000,0.1,809311,90689,1.308000,2004844.547500,4540037.055000,6615002.086000,8483311.578000,9215215.264600,9287438.202190,9296703.489000,1001.421000,2025424.644000,4569850.626000,6627675.656000,8483771.391400,9215021.190480,9287378.690408,9298742.837000
dFCFS,0,210000,0.1,944876,105124,1.215000,2559879.481750,5653313.382000,8307859.541250,9953241.874000,30241462.917000,30286383.967375,30291359.842000,1000.312000,2574627.942750,5654066.174000,8295622.667250,9935041.013900,30240951.140210,30286519.146498,30291359.313000
dFCFS,0,30000,0.5,75119,74881,1.738000,1440703.686000,2932550.109000,4802089.505500,5656192.990200,6176818.040800,6225510.558696,6236568.575000,1000.449000,1428372.003000,2928572.928000,4807064.689000,5665038.493000,6179779.950000,6225517.875080,6235949.067000
dFCFS,0,60000,0.5,149839,150161,1.264000,4106737.139000,8435636.386000,30964267.163000,31726000.464400,32174783.441440,32220077.546210,32224600.228000,1000.813000,4120404.200000,8417649.874000,30964197.613000,31723333.657000,32174450.011600,32219122.367480,32224533.445000
cFCFS,500,30000,0,150000,0,1.154000,2.173000,2.722000,3.422000,5.359000,18.239050,128.150421,2256.319000,0.000000,0.000000,0.000000,0.000000,0.000000,0.000000,0.000000,0.000000
cFCFS,500,60000,0,300000,0,1.127000,2.306000,2.894000,4.291000,6.553000,62.707240,445.508979,5666.609000,0.000000,0.000000,0.000000,0.000000,0.000000,0.000000,0.000000,0.000000
cFCFS,500,90000,0,450000,0,1.136000,2.523000,3.286000,5.231000,8.243000,98.785040,2951.311250,4243.407000,0.000000,0.000000,0.000000,0.000000,0.000000,0.000000,0.000000,0.000000
cFCFS,500,120000,0,600000,0,1.129000,2.515000,3.425000,5.519000,9.085000,104.289660,515.500017,4429.252000,0.000000,0.000000,0.000000,0.000000,0.000000,0.000000,0.000000,0.000000
cFCFS,500,150000,0,750000,0,1.123000,2.605000,3.761000,6.170000,10.221000,95.297030,445.777195,7414.673000,0.000000,0.000000,0.000000,0.000000,0.000000,0.000000,0.000000,0.000000
cFCFS,500,180000,0,900000,0,1.117000,2.639000,3.862000,6.266000,10.033000,34.578110,502.718600,5058.141000,0.000000,0.000000,0.000000,0.000000,0.000000,0.000000,0.000000,0.000000
cFCFS,500,210000,0,1050000,0,1.128000,2.783000,4.468000,7.605000,12.610000,50.122110,256.063005,3441.997000,0.000000,0.000000,0.000000,0.000000,0.000000,0.000000,0.000000,0.000000
cFCFS,500,30000,0.01,148550,1450,1.156000,2.205250,2.762000,3.637000,5.699000,65.215710,1102.460590,1441.629000,1000.243000,1001.416750,1002.089000,1005.602250,1021.907700,1297.260670,2887.557688,4373.606000
cFCFS,500,60000,0.01,297037,2963,1.139000,2.395000,3.053000,4.993000,8.406000,81.800920,1062.216436,3517.739000,1000.211000,1001.598000,1002.890000,1008.291500,1024.572000,1332.974300,1783.763764,7086.814000
cFCFS,500,90000,0.01,445414,4586,1.136000,2.649000,3.870000,6.978000,12.717700,132.427480,835.435153,2617.527000,1000.195000,1001.868250,1004.221000,1012.302250,1031.565500,1420.221850,2163.007165,8621.567000
cFCFS,500,120000,0.01,594137,5863,1.117000,2.751000,4.344000,8.256000,15.556000,409.523760,2042.904424,9482.299000,1000.205000,1002.081000,1005.133000,1015.062500,1040.495000,1648.130180,3195.233788,9829.062000
cFCFS,500,150000,0.01,742500,7500,1.123000,3.041000,5.400000,11.269000,22.366000,308.615230,1801.167601,11403.369000,1000.200000,1002.680750,1006.729500,1020.409750,1053.837900,1697.488300,2973.190412,8042.926000
cFCFS,500,180000,0.01,890873,9127,1.123000,3.148000,5.819000,12.815000,29.393000,895.386120,5938.886976,6678.828000,1000.161000,1002.755000,1007.574000,1024.676500,1085.816000,2423.666900,7285.238054,8921.774000
cFCFS,500,210000,0.01,1039391,10609,1.127000,3.894000,8.066000,20.547000,54.251000,980.749500,2695.786930,6898.920000,1000.222000,1004.041000,1012.529000,1040.756000,1157.860600,2233.988440,4017.289368,8373.783000
cFCFS,500,30000,0.1,135086,14914,1.156000,2.716000,4.741000,10.235750,24.946500,1749.787000,5096.122840,6123.096000,1000.180000,1002.023500,1006.587000,1025.505750,1144.539800,2982.714850,6336.524483,15288.630000
cFCFS,500,60000,0.1,269843,30157,1.134000,12.282500,195.664000,815.143500,1235.237200,2453.452640,4642.161628,14239.935000,1000.221000,1025.550000,1399.092000,1954.306000,2413.608800,3701.254080,6397.883352,36535.366000
cFCFS,500,90000,0.1,404743,45257,1.360000,124858.222000,255154.150000,415122.227000,467159.744600,512413.690220,518705.351710,520636.556000,1000.498000,126114.522000,259712.608000,415954.453000,467785.892600,513407.899200,519874.104536,528791.711000
cFCFS,500,120000,0.1,539504,60496,1.418000,580229.720750,1202034.295500,1812973.939000,2169648.770300,2388775.611760,2410571.486443,2416009.589000,1000.776000,590758.951250,1215805.629000,1823454.494500,2174270.943000,2390792.596700,2411713.684840,2415088.357000
cFCFS,500,150000,0.1,674900,75100,1.465000,1062680.391000,2108615.333500,3136183.490750,3775139.793900,4138330.252580,4172892.894940,4178831.310000,1001.022000,1054115.102000,2103430.794000,3135532.248250,3775112.056800,4138163.763200,4174063.902954,4178298.709000
cFCFS,500,180000,0.1,810270,89730,1.421000,1455924.792500,2975221.987000,4477433.821000,5391892.719400,5958975.924640,6012866.988985,6018747.483000,1005.543000,1471213.530000,2982801.899500,4490049.738250,5402777.358000,5961325.063700,6013617.928609,6018353.038000
cFCFS,500,210000,0.1,944857,105143,1.272000,1963660.256000,3871662.244000,5820950.482000,7028972.442000,7783418.413960,7852952.781744,7861538.316000,1001.731000,1975513.085000,3900148.949000,5847647.681000,7039041.351200,7784495.983020,7853946.394156,7861177.217000
cFCFS,500,30000,0.5,74922,75078,1.438000,883292.671750,1751228.483500,2676160.589750,3228375.313600,3552759.359970,3589119.027514,3594857.748000,1000.402000,885655.708000,1764622.505500,2684823.416750,3227434.354700,3553368.308420,3590631.280244,3596307.352000
cFCFS,500,60000,0.5,149821,150179,2.050000,3070445.601000,6276993.143000,9479092.305000,30235625.703000,30680121.569200,30731670.370180,30732095.081000,1000.512000,3099390.987500,6299171.087000,9506279.941500,30237642.128200,30680113.467420,30731517.826020,30732094.863000
cfs,0,30000,0,150000,0,1.147000,2.064000,2.622000,3.423000,6.167000,24.079040,149.370368,11125.543000,0.000000,0.000000,0.000000,0.000000,0.000000,0.000000,0.000000,0.000000
cfs,0,60000,0,300000,0,1.123000,2.159000,2.707000,3.818000,6.471000,41.459010,705.681994,15290.362000,0.000000,0.000000,0.000000,0.000000,0.000000,0.000000,0.000000,0.000000
cfs,0,90000,0,450000,0,1.123000,2.155000,2.760000,3.980000,6.627000,34.924120,10763.492074,11101.691000,0.000000,0.000000,0.000000,0.000000,0.000000,0.000000,0.000000,0.000000
cfs,0,120000,0,600000,0,1.126000,2.258000,2.875000,4.223000,6.577000,32.105100,1442.857153,9991.161000,0.000000,0.000000,0.000000,0.000000,0.000000,0.000000,0.000000,0.000000
cfs,0,150000,0,750000,0,1.116000,2.319000,3.021000,4.720000,7.797000,59.387420,277.854056,10710.949000,0.000000,0.000000,0.000000,0.000000,0.000000,0.000000,0.000000,0.000000
cfs,0,180000,0,900000,0,1.117000,2.329000,3.014000,4.610000,6.906000,26.290010,565.724216,14968.369000,0.000000,0.000000,0.000000,0.000000,0.000000,0.000000,0.000000,0.000000
cfs,0,210000,0,1050000,0,1.108000,2.357000,3.128000,5.024000,8.042000,73.083110,3676.324943,13929.774000,0.000000,0.000000,0.000000,0.000000,0.000000,0.000000,0.000000,0.000000
cfs,0,30000,0.01,148471,1529,1.148000,2.072000,2.672000,4.484000,10.272000,230.619600,4033.620700,15203.291000,1000.264000,1001.169000,1001.751000,1004.391000,1013.605800,2280.138240,5592.922296,7753.378000
cfs,0,60000,0.01,297022,2978,1.140000,2.220000,2.782000,4.732000,19.368900,1058.694880,2038.005072,14528.760000,1000.233000,1001.250000,1001.854000,1004.632750,1076.475600,2847.727120,7993.759379,14470.368000
cfs,0,90000,0.01,445518,4482,1.131000,2.444000,3.163000,5.917000,64.317300,1748.770620,9437.426699,12070.290000,1000.163000,1001.487250,1002.260500,1005.983250,1204.107500,3141.763580,10958.974247,43579.192000
cfs,0,120000,0.01,593974,6026,1.131000,2.544000,3.696000,10.777000,848.186500,3062.376390,5956.271365,14658.474000,1000.168000,1001.578250,1002.935500,1024.217250,1966.887500,4643.638750,7728.722150,12352.340000
cfs,0,150000,0.01,742445,7555,1.138000,2.694000,4.280000,16.410000,884.383200,3060.028080,4762.277428,11774.001000,1000.187000,1001.736000,1003.604000,1041.428500,1990.011000,4460.869500,8154.768958,12263.055000
cfs,0,180000,0.01,890982,9018,1.135000,2.832000,5.000000,78.837500,1718.895100,24433.274240,32809.409842,44879.568000,1000.184000,1001.950000,1004.505500,1198.308000,2908.408900,25294.519070,34400.703318,46190.411000
cfs,0,210000,0.01,1039602,10398,1.109000,3.009000,5.416000,38.674250,1029.753900,3960.944780,8174.255960,15713.023000,1000.188000,1002.086500,1004.769500,1087.570250,2158.758900,5646.336220,9860.105876,22478.212000
cfs,0,30000,0.1,134951,15049,1.151000,2.362000,2.893000,36.272000,1028.696000,4993.121500,8143.912700,10121.151000,1000.218000,1001.415000,1002.020000,1107.143000,2218.065800,6178.550720,9956.642808,20215.537000
cfs,0,60000,0.1,269952,30048,1.245000,2925.347000,7837.442000,12156.763750,15708.098600,22849.103460,26469.945529,82401.376000,1000.229000,3963.854500,8954.218500,13617.721500,17140.086700,27890.281250,47755.914927,86684.408000
cfs,0,90000,0.1,405141,44859,1.344000,509472.377000,1064037.662000,1576001.251000,1903704.654000,2125491.519600,2149481.957380,2154191.185000,1001.704000,505953.503000,1059410.911000,1580761.481500,1906781.029400,2127027.940780,2151671.649406,2164020.862000
cfs,0,120000,0.1,539968,60032,1.346000,1183101.962750,2253217.145000,3311905.736750,3965499.568700,4419692.410920,4461545.653363,4465502.353000,1000.353000,1168010.050000,2251978.424000,3329332.501750,3972749.580800,4421288.722360,4461999.735779,4479033.156000
cfs,0,150000,0.1,674800,75200,1.490000,1673146.687750,3454834.575000,5313979.288000,6298808.926700,6933324.637140,6999032.875476,7006824.939000,1000.776000,1676026.980000,3468228.327500,5324011.111750,6296170.875900,6933049.437980,7000021.318067,7041561.173000
cfs,0,180000,0.1,809853,90147,1.956000,2262907.842000,4544287.107000,6857097.549000,8300359.224600,9152179.293640,9232029.965184,9241885.134000,1002.007000,2283305.096000,4550044.532000,6849108.269500,8278083.473800,9147771.001900,9232899.766522,9254380.759000
cfs,0,210000,0.1,945313,104687,1.409000,3002569.025000,5938807.252000,8788833.041000,10533092.224600,30441180.771040,30486161.507240,30491162.437000,1000.496000,2994092.407500,5925971.250000,8773237.017500,10532993.152200,30441366.351000,30486549.270512,30491096.662000
cfs,0,30000,0.5,74986,75014,1.585000,1770068.308250,3478355.817000,5262691.178000,6404662.922000,7066026.622100,7132643.814880,7140619.580000,1000.481000,1749333.204250,3476714.362500,5276401.131000,6395265.725300,7061228.676210,7134328.378444,7152159.500000
cfs,0,60000,0.5,150252,149748,2.523000,4646088.237750,8917261.937000,30456533.208750,31213266.749000,31654916.023410,31702516.608037,31707533.084000,1001.356000,4615665.184500,8897622.224500,30458266.812250,31190464.944800,31654928.376600,31702550.288393,31707533.449000
