sched_type,preemption_interval_us,throughput,proportion_long_jobs,num_short,num_long,short_0_pct,short_25_pct,short_50_pct,short_75_pct,short_90_pct,short_99_pct,short_99.9_pct,short_100_pct,long_0_pct,long_25_pct,long_50_pct,long_75_pct,long_90_pct,long_99_pct,long_99.9_pct,long_100_pct
dFCFS,0,30000,0,150000,0,1.158000,1.867000,2.524000,2.969000,5.454100,7.366030,28.069017,1701.144000,0.000000,0.000000,0.000000,0.000000,0.000000,0.000000,0.000000,0.000000
dFCFS,0,60000,0,300000,0,1.141000,2.022000,2.609000,3.206250,5.385000,9.193010,23.891034,1919.586000,0.000000,0.000000,0.000000,0.000000,0.000000,0.000000,0.000000,0.000000
dFCFS,0,90000,0,450000,0,1.122000,2.148000,2.708000,3.519000,5.459000,9.608000,37.767047,2308.650000,0.000000,0.000000,0.000000,0.000000,0.000000,0.000000,0.000000,0.000000
dFCFS,0,120000,0,600000,0,1.128000,2.176000,2.769000,3.750000,5.546000,9.977010,31.414006,2114.410000,0.000000,0.000000,0.000000,0.000000,0.000000,0.000000,0.000000,0.000000
dFCFS,0,150000,0,750000,0,1.120000,2.213000,2.828000,3.962000,5.721000,10.267000,42.725028,7652.099000,0.000000,0.000000,0.000000,0.000000,0.000000,0.000000,0.000000,0.000000
dFCFS,0,180000,0,900000,0,1.124000,2.231000,2.859000,4.077000,5.810000,10.392000,28.935008,3701.955000,0.000000,0.000000,0.000000,0.000000,0.000000,0.000000,0.000000,0.000000
dFCFS,0,210000,0,1050000,0,1.117000,2.302000,2.993000,4.492000,6.239000,13.440000,75.210015,8987.846000,0.000000,0.000000,0.000000,0.000000,0.000000,0.000000,0.000000,0.000000
dFCFS,0,30000,0.01,148491,1509,1.154000,2.233000,2.837000,6.124000,24.294000,784.988400,3354.868140,8624.326000,1000.230000,1001.210000,1001.948000,1006.174000,1035.188400,2558.847800,5478.996516,8980.772000
dFCFS,0,60000,0.01,296914,3086,1.136000,2.240000,2.824000,5.114000,18.041700,972.517610,2036.478916,7675.565000,1000.187000,1001.286500,1001.864500,1004.543750,1029.753500,2080.428900,6003.286270,13499.253000
dFCFS,0,90000,0.01,445423,4577,1.132000,2.086000,2.670000,3.437000,5.107000,9.605000,78.408590,1980.456000,1000.156000,1001.084000,1001.677000,1002.481000,1004.252400,1013.667400,2118.273040,5615.838000
dFCFS,0,120000,0.01,594061,5939,1.128000,2.173000,2.753000,3.709000,5.347000,10.341400,51.010300,6695.155000,1000.175000,1001.228000,1001.801000,1002.800500,1004.468400,1026.448560,1540.540940,6576.701000
dFCFS,0,150000,0.01,742532,7468,1.119000,2.347000,3.022000,4.601000,7.218000,893.182590,2507.451509,6625.045000,1000.220000,1001.362750,1002.026500,1003.680000,1006.627600,1984.619330,3765.106707,23824.862000
dFCFS,0,180000,0.01,891099,8901,1.127000,2.363000,3.074000,4.565000,6.417000,38.411040,1021.619010,2393.977000,1000.190000,1001.379000,1002.094000,1003.681000,1005.752000,1276.385000,2835.131300,19561.971000
dFCFS,0,210000,0.01,1039364,10636,1.119000,2.462000,3.346000,5.112000,7.553000,117.985290,1079.211274,3678.409000,1000.190000,1001.455000,1002.370000,1004.232250,1006.846500,1227.926750,2565.618415,7028.018000
dFCFS,0,30000,0.1,134831,15169,1.126000,1.857000,2.491000,2.901000,5.127000,127.026600,3957.321580,5017.955000,1000.165000,1000.881000,1001.520000,1001.964000,1004.511000,1232.826080,4952.893000,6003.425000
dFCFS,0,60000,0.1,270015,29985,1.131000,2.549000,3.804000,94.755000,332.320800,793.780640,1164.469726,1606.007000,1000.176000,1001.562000,1002.841000,1093.187000,1329.871400,1786.052760,2149.500104,2540.201000
dFCFS,0,90000,0.1,404725,45275,1.364000,189770.762000,376436.588000,522876.908000,982924.552600,2573757.958680,2581919.538412,2583017.546000,1000.985000,189757.199000,371640.481000,523460.644500,968314.002000,2572517.115240,2582760.973146,2583984.151000
dFCFS,0,120000,0.1,539921,60079,1.354000,641434.514000,1341741.355000,2093687.559000,2578141.953000,2827947.426400,2847673.303040,2852436.490000,1001.297000,651783.067000,1337795.404000,2077868.214500,2575577.241200,2827947.766540,2848708.571378,2851615.459000
dFCFS,0,150000,0.1,675317,74683,1.665000,1118011.630000,2252265.664000,3831715.307000,5941510.400400,6371754.832760,6407267.306056,6412899.291000,1000.413000,1125105.731000,2255118.533000,3913262.697000,5953783.533000,6370622.485800,6408149.760496,6412302.028000
dFCFS,0,180000,0.1,809747,90253,1.294000,1587825.733500,3251387.944000,4934490.552000,5921984.785600,6510698.302440,6573024.017814,6580842.382000,1000.445000,1614997.765000,3259429.881000,4932015.249000,5929113.179600,6514146.063600,6574019.804200,6580465.082000
dFCFS,0,210000,0.1,945165,104835,1.609000,2069553.849000,4959358.654000,7078940.781000,9259416.637400,10025767.197760,30032676.129272,30037686.941000,1001.697000,2090713.052000,4983179.441000,7083482.117000,9272901.607000,10028869.445260,30033063.987230,30037562.910000
dFCFS,0,30000,0.5,74863,75137,1.676000,1104832.327000,2213635.746000,4605369.303500,5470236.301400,5862696.402440,5902618.158992,5907644.996000,1002.936000,1106098.767000,2217411.038000,4644516.336000,5467965.428400,5863274.366280,5903002.537488,5907358.804000
dFCFS,0,60000,0.5,150330,149670,2.438000,3476676.106500,7044987.545500,10818413.726000,30618006.800800,31069999.881260,31114546.010281,31119516.550000,1000.654000,3452988.687750,7068666.335000,10838568.138750,30621066.580600,31069119.627020,31114515.896769,31119449.851000
cFCFS,500,30000,0,150000,0,1.136000,2.162000,2.725000,3.364000,5.187000,12.396000,91.352087,1928.686000,0.000000,0.000000,0.000000,0.000000,0.000000,0.000000,0.000000,0.000000
cFCFS,500,60000,0,300000,0,1.125000,2.282000,2.868000,4.095000,6.214000,48.703090,292.758294,2161.936000,0.000000,0.000000,0.000000,0.000000,0.000000,0.000000,0.000000,0.000000
cFCFS,500,90000,0,450000,0,1.129000,2.476000,3.202000,5.047000,7.853100,90.469060,3025.779141,5833.289000,0.000000,0.000000,0.000000,0.000000,0.000000,0.000000,0.000000,0.000000
cFCFS,500,120000,0,600000,0,1.121000,2.551000,3.450000,5.509000,8.849000,71.855080,1966.062876,7840.512000,0.000000,0.000000,0.000000,0.000000,0.000000,0.000000,0.000000,0.000000
cFCFS,500,150000,0,750000,0,1.119000,2.674000,3.865000,6.251000,10.194000,54.226080,1723.884919,4330.809000,0.000000,0.000000,0.000000,0.000000,0.000000,0.000000,0.000000,0.000000
cFCFS,500,180000,0,900000,0,1.131000,2.692000,3.995000,6.608000,10.847000,61.130180,616.090057,7433.780000,0.000000,0.000000,0.000000,0.000000,0.000000,0.000000,0.000000,0.000000
cFCFS,500,210000,0,1050000,0,1.111000,2.715000,4.139000,6.834000,11.155000,47.912010,2096.931362,10187.233000,0.000000,0.000000,0.000000,0.000000,0.000000,0.000000,0.000000,0.000000
cFCFS,500,30000,0.01,148532,1468,1.134000,2.203750,2.777000,3.670000,5.638000,16.236830,142.981326,1083.938000,1000.261000,1001.419750,1002.070500,1005.647000,1020.960700,1218.660450,1592.332365,16616.290000
cFCFS,500,60000,0.01,297090,2910,1.105000,2.438000,3.088500,4.977000,8.023000,34.181000,329.723248,1986.551000,1000.239000,1001.605250,1002.908000,1008.132250,1024.415600,1272.681780,1921.582830,2729.973000
cFCFS,500,90000,0.01,445377,4623,1.110000,2.633000,3.795000,6.788000,12.597000,146.550360,1450.353360,2505.001000,1000.177000,1001.904500,1004.231000,1012.536500,1032.293800,1574.947800,2475.778380,3271.648000
cFCFS,500,120000,0.01,593966,6034,1.120000,2.771000,4.355000,8.212000,15.659000,116.496000,1251.856170,5915.404000,1000.194000,1002.066250,1005.011000,1015.008750,1036.521700,1511.837360,2485.127973,7033.691000
cFCFS,500,150000,0.01,742551,7449,1.110000,2.854000,4.820000,9.578000,18.547000,108.607000,1289.332700,6132.811000,1000.190000,1002.279000,1005.767000,1017.541000,1046.498200,1523.253040,2786.535096,10387.475000
cFCFS,500,180000,0.01,890960,9040,1.131000,3.356000,6.328000,14.246000,33.024100,736.115890,2557.478287,11064.914000,1000.179000,1003.084000,1008.473000,1026.799750,1083.127800,2162.309720,4163.629839,11879.125000
cFCFS,500,210000,0.01,1039687,10313,1.120000,4.088000,8.545000,21.353000,52.730000,1010.663000,3190.266892,4577.539000,1000.207000,1004.170000,1012.217000,1040.935000,1153.227400,2532.561160,5179.013936,8563.792000
cFCFS,500,30000,0.1,135056,14944,1.138000,2.664000,4.348000,9.371000,20.695000,901.947900,4076.191610,5506.371000,1000.198000,1001.932750,1006.121000,1024.757250,1115.672000,2046.298910,5556.939401,9403.706000
cFCFS,500,60000,0.1,270061,29939,1.143000,10.095000,118.332000,678.960000,1278.071000,4601.461400,8241.059040,9613.089000,1000.196000,1020.514000,1336.662000,1899.480000,2447.377000,6201.690440,9863.137238,29174.910000
cFCFS,500,90000,0.1,405097,44903,1.212000,122824.106000,238975.877000,352102.329000,425088.699000,470029.507000,476805.337000,477763.997000,1000.412000,124241.596500,239116.552000,352779.493500,426467.014800,471474.676860,477935.058170,487971.266000
cFCFS,500,120000,0.1,540589,59411,1.257000,587527.590000,1148039.390000,1691951.889000,2044495.348400,2248093.076200,2269582.736120,2276401.696000,1000.374000,587584.713500,1146681.222000,1694849.804500,2045575.617000,2249759.575600,2270691.432790,2278782.572000
cFCFS,500,150000,0.1,675165,74835,1.259000,988438.311000,2004374.678000,3063399.013000,3706875.786400,4092701.738840,4141016.895800,4150829.766000,1000.438000,1001259.378000,2013094.836000,3067467.303000,3713129.381600,4095097.039720,4142794.978242,4149772.003000
cFCFS,500,180000,0.1,810005,89995,1.607000,1488433.120000,3000192.483000,4552043.487000,5459865.574200,6007531.383600,6066757.158516,6077331.650000,1001.409000,1491004.707500,3009225.026000,4545883.563000,5455331.789800,6009024.213480,6067767.753146,6076072.276000
cFCFS,500,210000,0.1,944886,105114,1.291000,1926604.047250,3916827.181000,6004947.578750,7194174.149000,7884489.041750,7951011.623405,7962439.510000,1003.314000,1931711.346000,3927318.267500,5982391.640250,7186855.547200,7884694.916160,7951835.927492,7963235.129000
cFCFS,500,30000,0.5,75314,74686,1.435000,886354.028000,1810499.865500,2762955.286500,3354200.725000,3722173.843560,3751577.495110,3755090.140000,1000.276000,893241.383500,1834075.965000,2775659.233250,3366851.460000,3722167.236600,3752086.507150,3760728.722000
cFCFS,500,60000,0.5,149595,150405,1.447000,3127900.481500,6294675.926000,9524170.985000,30235400.987800,30691357.047800,30731429.030938,30740563.457000,1000.511000,3157625.507000,6368649.697000,9522597.909000,30235411.218000,30689387.181400,30731422.571368,30740563.318000
cfs,0,30000,0,150000,0,1.143000,2.035000,2.623000,3.341000,6.014000,17.345160,1277.044084,11599.549000,0.000000,0.000000,0.000000,0.000000,0.000000,0.000000,0.000000,0.000000
cfs,0,60000,0,300000,0,1.138000,2.222000,2.743000,3.736000,6.200000,22.901020,179.768277,8160.024000,0.000000,0.000000,0.000000,0.000000,0.000000,0.000000,0.000000,0.000000
cfs,0,90000,0,450000,0,1.131000,2.319000,2.895000,4.271000,6.914000,295.219610,1872.984112,8739.018000,0.000000,0.000000,0.000000,0.000000,0.000000,0.000000,0.000000,0.000000
cfs,0,120000,0,600000,0,1.123000,2.256000,2.911000,4.460000,7.608000,87.371040,548.764080,13955.341000,0.000000,0.000000,0.000000,0.000000,0.000000,0.000000,0.000000,0.000000
cfs,0,150000,0,750000,0,1.129000,2.313000,3.007000,4.654000,7.630000,61.317040,183.658021,13478.394000,0.000000,0.000000,0.000000,0.000000,0.000000,0.000000,0.000000,0.000000
cfs,0,180000,0,900000,0,1.124000,2.365000,3.126000,4.908000,7.955000,49.550010,395.501035,9691.327000,0.000000,0.000000,0.000000,0.000000,0.000000,0.000000,0.000000,0.000000
cfs,0,210000,0,1050000,0,1.118000,2.423000,3.241000,5.223000,8.258000,101.583000,5545.631212,13517.797000,0.000000,0.000000,0.000000,0.000000,0.000000,0.000000,0.000000,0.000000
cfs,0,30000,0.01,148515,1485,1.144000,2.049000,2.655000,4.078000,9.164600,85.689640,1520.132018,9030.713000,1000.243000,1001.128000,1001.735000,1003.956000,1013.979400,2608.415960,4239.763960,4608.575000
cfs,0,60000,0.01,296915,3085,1.124000,2.165000,2.761000,4.676500,19.940200,1106.591820,3775.784280,7355.505000,1000.220000,1001.255000,1001.824000,1004.593000,1056.182800,3218.743600,6649.261300,18029.536000
cfs,0,90000,0.01,445514,4486,1.130000,2.363000,3.079000,6.222000,86.288100,1821.591370,2590.993223,15042.650000,1000.210000,1001.434250,1002.223500,1007.302250,1230.950500,2973.408450,6263.046370,13183.063000
cfs,0,120000,0.01,594061,5939,1.125000,2.538000,3.598000,8.539000,467.144000,2531.265800,5258.491920,8227.381000,1000.149000,1001.574000,1002.871000,1012.737000,1827.238000,4059.815520,6850.167220,13703.879000
cfs,0,150000,0.01,742368,7632,1.112000,2.608000,3.834000,8.102000,307.067200,2498.828510,4431.188388,11220.496000,1000.181000,1001.663750,1003.032500,1009.747750,1595.621500,4116.056510,7524.118132,15158.150000
cfs,0,180000,0.01,890975,9025,1.125000,2.828000,4.699000,14.631000,884.147600,3184.437020,4610.056042,9805.220000,1000.187000,1001.858000,1003.971000,1033.453000,1975.002800,4832.818720,7990.747200,13106.512000
cfs,0,210000,0.01,1039537,10463,1.130000,3.144000,5.982000,127.639000,1523.208200,4811.416960,7003.034560,10830.556000,1000.190000,1002.255000,1005.494000,1286.581500,2819.620400,6224.230740,8359.053114,17822.374000
cfs,0,30000,0.1,134992,15008,1.145000,2.515000,3.739000,687.492750,3973.288600,35630.603730,44703.169108,47160.315000,1000.188000,1001.552000,1004.047000,1971.495250,5018.655900,36867.885030,46701.377137,73657.572000
cfs,0,60000,0.1,270042,29958,1.184000,1013.338500,3998.488500,9090.686250,16688.579800,24165.023020,29054.611327,42076.430000,1000.206000,2051.531250,5087.076500,10636.382000,18493.415600,29198.070100,47412.205381,114482.160000
cfs,0,90000,0.1,404772,45228,1.601000,510859.797500,1031964.786500,1535679.241500,1795272.688000,1992250.839790,2012969.849981,2015228.403000,1002.214000,511715.250250,1034384.603000,1534323.558750,1796294.723600,1992783.476520,2014212.292383,2033195.306000
cfs,0,120000,0.1,539934,60066,1.246000,1125608.072750,2223284.289000,3427788.984000,4166447.593400,4594711.542360,4631213.496704,4635640.000000,1000.439000,1136271.219750,2236539.887500,3437096.594000,4173329.709000,4594663.672900,4632091.805795,4922076.723000
cfs,0,150000,0.1,675078,74922,1.606000,1645168.519000,3288928.147000,5001885.694250,5997968.878500,6613441.640320,6671437.092152,6681046.703000,1003.143000,1650770.087750,3301308.598500,5010778.939500,6004449.577200,6614474.823340,6674768.731730,6691513.466000
cfs,0,180000,0.1,809631,90369,1.651000,2408011.873000,4703272.090000,6941620.981500,8413488.288000,9301506.753500,9380622.961150,9392947.499000,1000.583000,2379446.684000,4676269.406000,6928126.077000,8410465.122000,9302895.504240,9379353.126360,9396461.947000
cfs,0,210000,0.1,945445,104555,1.401000,2903969.442000,5838644.533000,8754351.389000,30000247.240400,30449428.017240,30494192.951160,30499578.106000,1001.197000,2888019.011000,5808148.114000,8772285.116000,10520016.137000,30450941.864440,30494396.992802,30499574.945000
cfs,0,30000,0.5,75218,74782,1.305000,1460300.660750,2875529.241500,4419792.524750,5307401.503300,5859012.629980,5901498.903340,5905968.066000,1000.432000,1455989.112000,2853983.658000,4393723.151750,5297606.303400,5858786.601030,5902932.393966,5918376.103000
cfs,0,60000,0.5,150294,149706,2.965000,4330670.315750,9147916.622500,30497399.821750,31247629.797700,31699448.508360,31745332.078474,31750597.761000,1001.049000,4344896.071250,9207141.962000,30504064.757750,31252346.612500,31701847.097050,31745817.427790,31750532.171000
