sched_type,preemption_interval_us,throughput,proportion_long_jobs,num_short,num_long,short_0_pct,short_25_pct,short_50_pct,short_75_pct,short_90_pct,short_99_pct,short_99.9_pct,short_100_pct,long_0_pct,long_25_pct,long_50_pct,long_75_pct,long_90_pct,long_99_pct,long_99.9_pct,long_100_pct
dFCFS,0,0,0,0,0,0.000000,0.000000,0.000000,0.000000,0.000000,0.000000,0.000000,0.000000,0.000000,0.000000,0.000000,0.000000,0.000000,0.000000,0.000000,0.000000
dFCFS,0,25000,0,25000,0,1.171000,2.202000,2.731000,4.961000,8.764800,98.819800,171.530198,1748.668000,0.000000,0.000000,0.000000,0.000000,0.000000,0.000000,0.000000,0.000000
dFCFS,0,50000,0,50000,0,1.152000,2.268000,2.836000,4.867000,8.199000,53.576190,620.786647,3147.912000,0.000000,0.000000,0.000000,0.000000,0.000000,0.000000,0.000000,0.000000
dFCFS,0,75000,0,75000,0,1.143000,2.345000,3.009000,5.217000,9.836000,174.007690,1199.347222,12829.184000,0.000000,0.000000,0.000000,0.000000,0.000000,0.000000,0.000000,0.000000
dFCFS,0,100000,0,100000,0,1.145000,2.373000,3.124000,5.423000,11.073200,15463.414660,15727.038058,15873.852000,0.000000,0.000000,0.000000,0.000000,0.000000,0.000000,0.000000,0.000000
dFCFS,0,125000,0,125000,0,1.137000,2.422000,3.282000,5.486000,9.296000,46.868140,142.318202,7969.476000,0.000000,0.000000,0.000000,0.000000,0.000000,0.000000,0.000000,0.000000
dFCFS,0,150000,0,150000,0,1.110000,2.443000,3.358000,5.705000,11.354000,888.622810,1156.596130,6807.893000,0.000000,0.000000,0.000000,0.000000,0.000000,0.000000,0.000000,0.000000
dFCFS,0,175000,0,175000,0,1.125000,2.527000,3.659000,6.172000,11.201000,7706.160180,7979.010300,13548.315000,0.000000,0.000000,0.000000,0.000000,0.000000,0.000000,0.000000,0.000000
dFCFS,0,200000,0,200000,0,1.116000,2.574000,3.752000,6.206000,10.782100,128.679530,797.165357,6186.790000,0.000000,0.000000,0.000000,0.000000,0.000000,0.000000,0.000000,0.000000
dFCFS,0,225000,0,225000,0,1.126000,2.519000,3.572000,5.735250,9.085000,41.705260,166.901294,17470.779000,0.000000,0.000000,0.000000,0.000000,0.000000,0.000000,0.000000,0.000000
dFCFS,0,250000,0,250000,0,1.122000,2.575000,3.889000,6.417000,10.795000,361.419000,3957.778403,5789.911000,0.000000,0.000000,0.000000,0.000000,0.000000,0.000000,0.000000,0.000000
dFCFS,0,275000,0,275000,0,1.124000,2.606000,3.935000,6.546000,10.955000,84.069840,613.766233,13367.323000,0.000000,0.000000,0.000000,0.000000,0.000000,0.000000,0.000000,0.000000
dFCFS,0,300000,0,300000,0,1.127000,2.656000,4.198000,7.195000,12.806000,795.555580,3121.595217,8431.862000,0.000000,0.000000,0.000000,0.000000,0.000000,0.000000,0.000000,0.000000
dFCFS,0,325000,0,325000,0,1.128000,2.648000,4.146000,7.101000,12.876000,2072.389030,2404.129144,19541.431000,0.000000,0.000000,0.000000,0.000000,0.000000,0.000000,0.000000,0.000000
dFCFS,0,350000,0,350000,0,1.118000,2.643000,4.064500,6.807000,12.086000,681.437440,1031.895102,12814.461000,0.000000,0.000000,0.000000,0.000000,0.000000,0.000000,0.000000,0.000000
dFCFS,0,375000,0,375000,0,1.119000,2.651000,4.197500,7.394000,13.908000,953.193640,1468.052213,11046.317000,0.000000,0.000000,0.000000,0.000000,0.000000,0.000000,0.000000,0.000000
dFCFS,0,400000,0,400000,0,1.122000,2.648000,4.115000,6.909000,11.787100,656.202460,1308.516218,11992.937000,0.000000,0.000000,0.000000,0.000000,0.000000,0.000000,0.000000,0.000000
dFCFS,0,425000,0,425000,0,1.124000,2.705000,4.432000,7.852000,14.226100,828.830050,2758.701054,13830.463000,0.000000,0.000000,0.000000,0.000000,0.000000,0.000000,0.000000,0.000000
dFCFS,0,450000,0,450000,0,1.126000,2.633000,4.056000,6.690000,10.684100,58.055090,215.584007,22026.794000,0.000000,0.000000,0.000000,0.000000,0.000000,0.000000,0.000000,0.000000
dFCFS,0,475000,0,475000,0,1.117000,2.647000,4.237000,7.532000,14.454000,447.048070,1210.285120,11277.507000,0.000000,0.000000,0.000000,0.000000,0.000000,0.000000,0.000000,0.000000
dFCFS,0,500000,0,500000,0,1.127000,2.649000,4.168000,7.058000,11.735000,109.338140,380.033068,19804.414000,0.000000,0.000000,0.000000,0.000000,0.000000,0.000000,0.000000,0.000000
dFCFS,0,0,0.01,0,0,0.000000,0.000000,0.000000,0.000000,0.000000,0.000000,0.000000,0.000000,0.000000,0.000000,0.000000,0.000000,0.000000,0.000000,0.000000,0.000000
dFCFS,0,25000,0.01,24764,236,1.157000,2.219000,2.777000,5.202250,10.625600,283.785050,1079.150313,3227.829000,1000.285000,1001.253500,1001.801500,1004.741750,1031.406000,1957.056300,4653.659620,5442.956000
dFCFS,0,50000,0.01,49481,519,1.140000,2.392000,3.174000,8.859000,54.153000,912.298400,1209.526040,2332.817000,1000.228000,1001.423000,1002.302000,1009.919500,1070.732200,1930.126580,2156.886078,2167.546000
dFCFS,0,75000,0.01,74214,786,1.142000,2.475000,3.428000,9.064000,226.930000,2721.318090,3229.258970,9147.770000,1000.225000,1001.503250,1002.637000,1010.004250,1288.526500,3146.866300,4144.635595,4211.622000
dFCFS,0,100000,0.01,98951,1049,1.145000,2.592000,4.067000,16.708500,501.703000,1951.299000,2591.030900,8222.060000,1000.259000,1001.584000,1003.148000,1022.288000,1629.586200,2959.530200,8714.788928,9292.350000
dFCFS,0,125000,0.01,123728,1272,1.144000,2.711000,4.674000,29.841750,847.124500,2987.293090,4179.249185,4607.715000,1000.216000,1001.792000,1003.932000,1051.974000,1966.066600,4273.814290,8596.789662,10323.546000
dFCFS,0,150000,0.01,148504,1496,1.128000,2.729000,4.567000,28.649750,930.132600,3437.121500,5006.361970,5890.533000,1000.227000,1001.775750,1003.732000,1056.901500,1990.362500,4364.462000,5619.424090,5927.377000
dFCFS,0,175000,0.01,173301,1699,1.133000,3.059000,6.288000,175.566000,1324.627000,3124.511000,3538.748400,7409.652000,1000.278000,1002.270500,1006.473000,1409.094000,2561.151400,4249.887540,8780.756936,13489.065000
dFCFS,0,200000,0.01,198063,1937,1.126000,3.533000,8.954000,427.929500,1813.320800,9198.795880,13329.928942,15222.900000,1000.272000,1002.674000,1008.828000,1585.745000,2927.918600,12204.435560,14368.095144,14632.550000
dFCFS,0,225000,0.01,222818,2182,1.129000,4.343000,18.841500,979.841000,2271.585900,5645.599260,7504.758889,14275.166000,1000.241000,1003.909500,1037.830500,2011.673250,3333.676500,6986.790720,8581.075285,14049.879000
dFCFS,0,250000,0.01,247542,2458,1.139000,4.924000,41.292500,1164.143250,3085.822900,7504.456630,10237.314672,16384.958000,1000.238000,1003.910000,1079.529000,2538.004000,4298.504200,9061.132620,11683.519705,19358.156000
dFCFS,0,275000,0.01,272296,2704,1.159000,5.724000,85.268000,1569.543250,3593.102500,8143.937750,9803.310535,14567.099000,1000.229000,1004.783000,1117.965500,2599.980250,4608.323100,9050.704750,14561.443983,19228.496000
dFCFS,0,300000,0.01,297084,2916,1.124000,8.528750,453.969000,1821.748750,3361.516300,5907.227190,6828.058376,11569.692000,1000.281000,1008.114000,1552.891500,2870.556500,4529.167000,7154.845200,11375.195170,17725.168000
dFCFS,0,325000,0.01,321738,3262,1.140000,10.538000,852.072000,4077.195500,7094.390100,13510.984110,14714.686984,24206.475000,1000.209000,1010.875750,1829.203000,4925.926250,8144.959100,14600.676080,16544.689214,29534.405000
dFCFS,0,350000,0.01,346495,3505,1.138000,23.506500,1107.331000,4119.799500,7630.273600,18328.268280,21587.327784,22160.452000,1000.252000,1028.713000,2128.684000,5226.799000,8795.661000,19542.916200,22561.069728,36061.205000
dFCFS,0,375000,0.01,371264,3736,1.140000,437.300750,2013.026500,4807.933250,8061.008200,13004.397120,14424.932051,30826.957000,1000.284000,1444.705500,3052.541500,5936.843500,9703.596500,14326.233950,21180.138250,28492.988000
dFCFS,0,400000,0.01,395967,4033,1.143000,71.824000,1131.714000,3245.985000,6050.521600,8612.286120,9440.656520,18738.401000,1000.227000,1089.124000,2132.661000,4293.492000,7303.205600,9690.245120,16199.890584,21515.823000
dFCFS,0,425000,0.01,420680,4320,1.145000,21.165000,951.918000,3543.731250,7138.967700,12129.781250,16279.463563,26433.127000,1000.257000,1025.155000,2001.115000,4694.168500,8205.950900,13651.884430,23221.084020,26842.757000
dFCFS,0,450000,0.01,445539,4461,1.154000,171.042500,1864.810000,4727.788000,7912.767000,11806.367620,13913.191910,24273.558000,1000.300000,1151.112000,2821.419000,5688.729000,8962.404000,13461.888000,18766.604000,26849.761000
dFCFS,0,475000,0.01,470223,4777,1.128000,1390.904000,4243.301000,9291.509000,16990.080000,32328.580980,33767.383260,39171.746000,1000.243000,2383.221000,5380.120000,10522.373000,18161.874600,33768.827120,34815.700232,46013.307000
dFCFS,0,500000,0.01,494951,5049,1.168000,1099.274500,3484.394000,7122.461500,12381.890000,24659.985500,26417.198300,39938.696000,1000.295000,2143.802000,4601.127000,8213.021000,13561.828800,25494.162160,27532.954656,35281.424000
dFCFS,0,0,0.1,0,0,0.000000,0.000000,0.000000,0.000000,0.000000,0.000000,0.000000,0.000000,0.000000,0.000000,0.000000,0.000000,0.000000,0.000000,0.000000,0.000000
dFCFS,0,25000,0.1,22554,2446,1.181000,2.448000,3.720000,53.198250,1972.378600,8983.795860,10423.104283,10992.481000,1000.235000,1001.471000,1003.949000,1292.114250,2991.512500,10094.999600,11893.535665,16327.837000
dFCFS,0,50000,0.1,45027,4973,1.169000,2.541000,3.829000,62.173000,872.076800,7776.512580,10337.616776,10784.733000,1000.204000,1001.570000,1003.381000,1102.359000,1990.894400,8859.042640,11282.005116,13431.285000
dFCFS,0,75000,0.1,67479,7521,1.215000,516.105500,1649.474000,3000.683500,7918.147000,11265.253960,12894.269390,13109.813000,1000.259000,1554.836000,2620.132000,3942.225000,9034.430000,12584.358200,13796.660520,24596.105000
dFCFS,0,100000,0.1,90093,9907,2.025000,96055.659000,201052.801000,385842.614000,437011.293200,479960.542440,481290.730104,483846.049000,1001.001000,97947.352000,200138.299000,386108.975500,433816.838200,480723.661340,482296.392342,482735.940000
dFCFS,0,125000,0.1,112625,12375,1.364000,146636.885000,292325.773000,434192.403000,551686.685200,602478.062960,608202.755744,608633.246000,1000.248000,146838.623000,293368.590000,435314.101500,552616.837600,603511.351420,608995.851398,609536.089000
dFCFS,0,150000,0.1,134972,15028,1.335000,230567.267000,475877.894500,802487.395750,939438.438300,1013722.357480,1020555.984203,1021195.913000,1001.229000,230619.333000,470625.703500,800219.149500,935533.195600,1013752.456270,1021351.569987,1024122.563000
dFCFS,0,175000,0.1,157545,17455,1.386000,306945.476000,625974.755000,1462194.147000,1685969.336200,1790655.920800,1802687.915072,1803478.262000,1000.923000,306221.894000,621603.767000,1459259.506000,1684935.181600,1791934.029520,1803480.967166,1804418.290000
dFCFS,0,200000,0.1,179773,20227,1.880000,380500.899000,795255.771000,1287708.044000,1519379.020200,1664391.669880,1679435.978452,1683740.250000,1001.446000,401572.147000,815362.152000,1286146.303000,1524217.120200,1665960.317580,1680493.556028,1682474.965000
dFCFS,0,225000,0.1,202686,22314,2.344000,460491.439250,969310.311000,2147157.619000,3400431.207000,3564045.503000,3582711.440785,3584361.717000,1000.998000,462960.662000,971182.058500,2152618.302500,3400115.592000,3564524.488230,3583579.841850,3585101.036000
dFCFS,0,250000,0.1,224811,25189,1.463000,616155.218500,1194294.507000,1862676.239500,2370161.760000,2558557.794800,2576886.484280,2581278.185000,1001.423000,619663.112000,1194448.786000,1856740.029000,2364300.611600,2558415.353520,2577791.203904,2580033.708000
dFCFS,0,275000,0.1,247461,27539,1.393000,640939.900000,1298787.068000,1978803.231000,2345093.384000,2587005.512000,2609338.168980,2612387.648000,1001.126000,639875.370000,1298346.259000,1975923.381000,2346207.590800,2588146.914400,2610497.418514,2613163.741000
dFCFS,0,300000,0.1,269796,30204,1.308000,719410.887500,3356400.673000,4209400.345000,4784385.213000,5011335.871550,5019615.083310,5023330.238000,1000.625000,714581.337750,3305938.498500,4216407.957500,4788305.910000,5011923.145730,5021280.640123,5024270.882000
dFCFS,0,0,0.5,0,0,0.000000,0.000000,0.000000,0.000000,0.000000,0.000000,0.000000,0.000000,0.000000,0.000000,0.000000,0.000000,0.000000,0.000000,0.000000,0.000000
dFCFS,0,25000,0.5,12414,12586,1.363000,144051.574000,289172.342500,428937.177250,519592.012200,572993.133830,580661.186779,581224.652000,1000.431000,146957.087000,291654.173000,433862.304750,522525.372500,575652.627400,581579.042865,582146.163000
dFCFS,0,50000,0.5,25154,24846,1.548000,532333.913500,1059582.705000,1597183.413500,1908133.218500,2103465.074940,2122559.243916,2125697.857000,1001.482000,530284.636250,1058735.418000,1594434.834000,1912791.148500,2103880.226400,2122815.347450,2124736.732000
dFCFS,0,75000,0.5,37469,37531,1.264000,937492.825000,1879522.211000,3238166.457000,3829261.875200,4164397.945160,4198082.057724,4200221.836000,1000.870000,932711.585000,1860096.834000,3229458.689000,3821448.924000,4164435.492300,4197739.759320,4201212.709000
dFCFS,0,100000,0.5,49950,50050,3.728000,1332586.876250,2661487.742500,4074443.497500,4887807.602000,5058051.856840,5066005.224203,5069248.175000,1001.839000,1326824.708750,2644716.948000,4076319.468000,4873288.240600,5056945.571250,5065409.468912,5070529.189000
cFCFS,500,0,0,0,0,0.000000,0.000000,0.000000,0.000000,0.000000,0.000000,0.000000,0.000000,0.000000,0.000000,0.000000,0.000000,0.000000,0.000000,0.000000,0.000000
cFCFS,500,25000,0,25000,0,1.194000,1.787000,2.492000,2.917250,4.682000,7.525030,77.274971,699.642000,0.000000,0.000000,0.000000,0.000000,0.000000,0.000000,0.000000,0.000000
cFCFS,500,50000,0,50000,0,1.156000,1.964000,2.560000,3.063000,4.613100,8.242060,41.241307,2193.449000,0.000000,0.000000,0.000000,0.000000,0.000000,0.000000,0.000000,0.000000
cFCFS,500,75000,0,75000,0,1.159000,2.083000,2.646000,3.407000,5.291000,32.990820,162.570945,3040.159000,0.000000,0.000000,0.000000,0.000000,0.000000,0.000000,0.000000,0.000000
cFCFS,500,100000,0,100000,0,1.151000,2.166000,2.719000,3.664000,5.328000,19.257180,135.931210,2480.305000,0.000000,0.000000,0.000000,0.000000,0.000000,0.000000,0.000000,0.000000
cFCFS,500,125000,0,125000,0,1.142000,2.260000,2.835000,4.014000,5.636000,12.622050,43.959086,2407.175000,0.000000,0.000000,0.000000,0.000000,0.000000,0.000000,0.000000,0.000000
cFCFS,500,150000,0,150000,0,1.130000,2.261750,2.871000,4.108000,5.869100,20.947140,143.002287,2209.823000,0.000000,0.000000,0.000000,0.000000,0.000000,0.000000,0.000000,0.000000
cFCFS,500,175000,0,175000,0,1.140000,2.321000,2.948000,4.339000,6.106000,18.673140,179.111001,2846.051000,0.000000,0.000000,0.000000,0.000000,0.000000,0.000000,0.000000,0.000000
cFCFS,500,200000,0,200000,0,1.125000,2.326000,3.018000,4.495000,6.296000,13.965060,59.396032,2663.416000,0.000000,0.000000,0.000000,0.000000,0.000000,0.000000,0.000000,0.000000
cFCFS,500,225000,0,225000,0,1.132000,2.409000,3.168000,4.815000,6.815000,19.803030,118.820023,2588.651000,0.000000,0.000000,0.000000,0.000000,0.000000,0.000000,0.000000,0.000000
cFCFS,500,250000,0,250000,0,1.118000,2.439000,3.277000,4.972000,7.003000,16.170010,58.320007,2435.564000,0.000000,0.000000,0.000000,0.000000,0.000000,0.000000,0.000000,0.000000
cFCFS,500,275000,0,275000,0,1.117000,2.502000,3.516000,5.348000,7.716000,29.135030,337.706032,2349.331000,0.000000,0.000000,0.000000,0.000000,0.000000,0.000000,0.000000,0.000000
cFCFS,500,300000,0,300000,0,1.129000,2.487000,3.513000,5.397000,7.796100,22.305090,111.058354,1800.961000,0.000000,0.000000,0.000000,0.000000,0.000000,0.000000,0.000000,0.000000
cFCFS,500,325000,0,325000,0,1.123000,2.490000,3.541000,5.544000,8.257000,23.753000,141.803762,2187.228000,0.000000,0.000000,0.000000,0.000000,0.000000,0.000000,0.000000,0.000000
cFCFS,500,350000,0,350000,0,1.119000,2.530000,3.715000,5.872000,9.053000,27.470040,111.058224,2262.617000,0.000000,0.000000,0.000000,0.000000,0.000000,0.000000,0.000000,0.000000
cFCFS,500,375000,0,375000,0,1.127000,2.574000,3.787000,5.990000,9.039000,33.436770,243.910010,2622.941000,0.000000,0.000000,0.000000,0.000000,0.000000,0.000000,0.000000,0.000000
cFCFS,500,400000,0,400000,0,1.117000,2.539000,3.702000,5.826000,8.741100,32.446040,316.258082,3171.752000,0.000000,0.000000,0.000000,0.000000,0.000000,0.000000,0.000000,0.000000
cFCFS,500,425000,0,425000,0,1.123000,2.537000,3.687000,5.806000,8.667000,23.725040,74.467009,1950.424000,0.000000,0.000000,0.000000,0.000000,0.000000,0.000000,0.000000,0.000000
cFCFS,500,450000,0,450000,0,1.110000,2.597000,3.944000,6.378000,9.871000,43.582030,317.964031,2486.534000,0.000000,0.000000,0.000000,0.000000,0.000000,0.000000,0.000000,0.000000
cFCFS,500,475000,0,475000,0,1.119000,2.623000,3.928000,6.285000,9.560000,28.301010,195.139643,1528.543000,0.000000,0.000000,0.000000,0.000000,0.000000,0.000000,0.000000,0.000000
cFCFS,500,500000,0,500000,0,1.135000,2.689000,4.280000,7.000000,10.582100,30.898190,128.650024,2410.923000,0.000000,0.000000,0.000000,0.000000,0.000000,0.000000,0.000000,0.000000
cFCFS,500,0,0.01,0,0,0.000000,0.000000,0.000000,0.000000,0.000000,0.000000,0.000000,0.000000,0.000000,0.000000,0.000000,0.000000,0.000000,0.000000,0.000000,0.000000
cFCFS,500,25000,0.01,24778,222,1.162000,1.851000,2.466000,2.871000,4.613000,8.587680,59.887519,847.450000,1000.294000,1000.882000,1001.432500,1001.983500,1004.486000,1095.131640,1444.584810,1537.712000
cFCFS,500,50000,0.01,49509,491,1.153000,1.963000,2.546000,3.087000,4.685000,10.544520,187.732528,2208.419000,1000.184000,1001.113500,1001.649000,1002.400500,1004.787000,1139.731500,2610.771520,2805.621000
cFCFS,500,75000,0.01,74295,705,1.152000,2.084000,2.635000,3.336500,4.988000,14.085300,123.408172,1713.938000,1000.268000,1001.228000,1001.718000,1002.820000,1006.598000,1126.947800,1578.665032,2046.309000
cFCFS,500,100000,0.01,99031,969,1.145000,2.257000,2.810000,3.901000,5.823000,22.445200,137.635650,2396.920000,1000.261000,1001.351000,1001.963000,1003.476000,1008.502000,1139.450000,1719.355512,2360.308000
cFCFS,500,125000,0.01,123762,1238,1.144000,2.302000,2.873000,4.040000,5.761900,18.839780,73.711869,2194.926000,1000.205000,1001.387750,1001.994500,1003.508500,1006.538600,1107.660310,1744.877031,1845.120000
cFCFS,500,150000,0.01,148491,1509,1.151000,2.366000,3.007000,4.350000,6.230000,33.651600,329.622840,2394.759000,1000.199000,1001.457000,1002.319000,1004.094000,1011.371800,1189.723280,1475.052532,4655.902000
cFCFS,500,175000,0.01,173271,1729,1.120000,2.425000,3.217000,4.755000,7.253000,48.476800,212.826160,2633.244000,1000.191000,1001.485000,1002.463000,1004.732000,1022.301600,1213.872360,1537.095128,1566.087000
cFCFS,500,200000,0.01,198050,1950,1.114000,2.498000,3.480000,5.229000,8.357000,52.068140,1278.498411,2306.817000,1000.203000,1001.573000,1002.661000,1005.138250,1026.977300,1408.101050,2287.728145,2351.245000
cFCFS,500,225000,0.01,222731,2269,1.131000,2.591000,3.736000,5.669000,9.158000,96.055000,1059.891270,2798.819000,1000.242000,1001.668000,1003.075000,1005.980000,1031.111000,1434.937160,1937.560000,2098.943000
cFCFS,500,250000,0.01,247524,2476,1.124000,2.672000,4.062000,6.429000,12.045700,432.227990,795.329570,2723.540000,1000.204000,1001.796750,1003.447500,1007.510250,1066.928500,1604.644000,2201.450925,3326.330000
cFCFS,500,275000,0.01,272262,2738,1.134000,2.739000,4.280000,6.706750,11.010000,199.745630,1438.883773,3108.058000,1000.243000,1001.843000,1003.805000,1007.674000,1050.201500,1474.289720,2593.068625,4113.206000
cFCFS,500,300000,0.01,296957,3043,1.127000,2.787000,4.467000,7.152000,11.941000,151.686920,425.849972,2611.199000,1000.196000,1002.018000,1004.249000,1008.517000,1056.755600,1427.867920,1699.755026,3658.570000
cFCFS,500,325000,0.01,321829,3171,1.131000,2.990000,5.101000,8.557000,17.447000,214.563040,424.228952,2265.589000,1000.184000,1002.210000,1004.991000,1013.217000,1092.964000,1519.246700,3341.763400,7607.361000
cFCFS,500,350000,0.01,346597,3403,1.129000,3.113000,5.323000,8.740000,14.989000,315.148320,612.077736,2450.835000,1000.169000,1002.602500,1005.344000,1012.550000,1094.161400,1490.617220,2322.899066,3338.603000
cFCFS,500,375000,0.01,371223,3777,1.133000,3.268000,5.788000,9.780000,18.243000,350.582020,1226.578464,2939.438000,1000.174000,1002.590000,1005.936000,1014.940000,1118.957200,1545.345840,2676.386792,4237.238000
cFCFS,500,400000,0.01,395973,4027,1.127000,3.831000,6.749000,11.673000,27.191000,364.153840,753.188736,3009.463000,1000.216000,1003.436500,1007.260000,1020.393500,1145.391600,1567.551880,2461.299166,3780.051000
cFCFS,500,425000,0.01,420686,4314,1.138000,3.882000,7.111000,12.417000,28.598000,417.704700,780.854520,2534.845000,1000.184000,1003.438750,1007.990000,1024.509750,1168.788500,1659.166350,2244.660138,3571.450000
cFCFS,500,450000,0.01,445566,4434,1.121000,3.869000,7.236000,12.897000,30.389500,421.771200,802.378910,2404.667000,1000.188000,1003.597000,1008.614000,1033.265500,1204.914200,1674.975010,2462.940401,3320.121000
cFCFS,500,475000,0.01,470237,4763,1.127000,4.566000,8.485000,14.258000,31.275400,388.973760,889.466432,1782.859000,1000.252000,1004.348000,1009.752000,1032.664000,1192.809400,1589.592360,2320.866308,4291.317000
cFCFS,500,500000,0.01,494990,5010,1.151000,4.667000,9.451000,18.793000,94.407300,697.847870,2189.883583,3677.928000,1000.182000,1004.816750,1011.702000,1067.451250,1288.508300,2014.355590,3301.919202,13781.883000
cFCFS,500,0,0.1,0,0,0.000000,0.000000,0.000000,0.000000,0.000000,0.000000,0.000000,0.000000,0.000000,0.000000,0.000000,0.000000,0.000000,0.000000,0.000000,0.000000
cFCFS,500,25000,0.1,22500,2500,1.169000,1.821750,2.422000,2.789000,4.017100,10.605280,42.152573,464.182000,1000.262000,1000.993250,1001.502000,1002.023250,1009.814300,1251.320690,1508.385183,1923.459000
cFCFS,500,50000,0.1,45100,4900,1.154000,2.045000,2.563000,3.234000,5.879200,88.857470,250.811449,1815.404000,1000.157000,1001.206750,1001.766000,1006.788250,1113.969000,1462.576710,1755.723546,3257.359000
cFCFS,500,75000,0.1,67508,7492,1.165000,2.496000,3.526000,12.944500,117.284200,538.475280,1018.250437,2337.542000,1000.201000,1001.701000,1006.585000,1134.635500,1371.052600,1990.683980,2946.281288,4495.613000
cFCFS,500,100000,0.1,89869,10131,1.145000,3.505000,15.185000,162.878000,374.741800,996.728960,1422.804468,2308.452000,1000.214000,1007.593500,1146.122000,1378.625000,1608.809000,2176.739400,2814.299070,5587.600000
cFCFS,500,125000,0.1,112502,12498,1.207000,930.506500,2351.812000,4794.199750,7351.381400,8610.066010,9091.634275,9315.120000,1000.293000,2173.583000,3580.322500,5999.577250,8617.691700,9840.940120,10336.315425,27175.751000
cFCFS,500,150000,0.1,134910,15090,1.267000,42017.876750,98366.356500,157238.135250,185080.670600,188383.894160,188730.445913,190552.670000,1013.633000,45597.870500,100027.450000,158212.395500,185417.949600,189483.243700,189837.099119,190138.432000
cFCFS,500,175000,0.1,157418,17582,1.338000,105389.452000,216708.147500,315807.265000,362654.840600,389070.247200,391072.075061,392011.372000,1000.709000,107170.865000,217378.357000,316165.800750,363385.046700,390190.791950,392451.894103,393011.369000
cFCFS,500,200000,0.1,179938,20062,1.510000,152305.128750,293940.720000,431723.542500,505110.320600,549449.151210,553981.526063,554566.287000,1000.975000,149873.216500,298254.532000,436530.725250,507284.583500,550621.262280,554995.305640,555434.656000
cFCFS,500,225000,0.1,202458,22542,1.817000,199491.056750,409587.698500,582817.633500,686740.913200,741714.900310,748525.365801,749382.333000,1037.260000,200363.326250,406684.811500,582258.442000,686383.062800,743262.762100,749680.413549,750376.881000
cFCFS,500,250000,0.1,224771,25229,1.353000,261535.744500,513393.055000,730392.708000,858735.193000,937950.912800,946691.559380,950088.900000,1018.148000,261362.511000,514498.308000,731457.931000,861960.687000,939672.993600,947854.271436,948836.354000
cFCFS,500,275000,0.1,247487,27513,1.308000,288700.034000,576177.967000,843827.914000,995069.023000,1095485.505080,1106299.127972,1106977.984000,1027.956000,295155.671000,583503.385000,847094.915000,1000943.986400,1097413.296040,1107168.019704,1107935.239000
cFCFS,500,300000,0.1,269821,30179,1.580000,350921.463000,689707.741000,1019463.974000,1209719.521000,1312468.807200,1325403.525680,1329549.499000,1062.385000,355292.953000,699164.139000,1021670.648500,1209181.305200,1313395.413120,1326556.763966,1327771.131000
cFCFS,500,325000,0.1,292488,32512,2.084000,400421.630750,772515.262000,1118058.042000,1333277.415700,1459835.218040,1471006.237693,1472968.775000,1092.249000,402479.909750,775830.338000,1121805.447750,1333620.036900,1460470.017390,1472427.498603,1473817.731000
cFCFS,500,350000,0.1,314730,35270,1.603000,465208.839500,892038.693500,1293475.621000,1532031.281000,1676732.034360,1693310.015897,1696670.706000,1016.156000,472808.024500,897659.265000,1297546.631500,1536457.660100,1679470.864260,1694271.656403,1695845.688000
cFCFS,500,375000,0.1,337382,37618,1.338000,524598.135750,973274.042500,1410742.855500,1673076.070000,1834496.517240,1858602.710667,1859758.961000,1125.630000,512518.468500,971020.348500,1412023.045750,1675629.814600,1836279.208370,1859291.842026,1868881.144000
cFCFS,500,400000,0.1,359960,40040,1.348000,544361.105500,1061673.757500,1555370.886250,1846356.477300,2009792.591610,2027278.011426,2030913.612000,1101.785000,549373.542500,1053982.101500,1547330.643000,1841688.802100,2011117.896820,2028451.661841,2030424.442000
cFCFS,500,425000,0.1,382562,42438,2.468000,609612.238500,1164678.330500,1699936.198000,2012517.013200,2203806.785530,2223448.158927,2225285.388000,1017.178000,611495.198000,1167538.051500,1698428.447000,2014442.592800,2205284.755980,2224333.606345,2226262.506000
cFCFS,500,450000,0.1,405004,44996,1.411000,667644.734750,1256962.130500,1826055.956250,2176086.334400,2379934.910220,2399778.679912,2404500.592000,1022.290000,660327.937750,1252363.900000,1826914.574250,2175149.275000,2380577.902300,2400763.676205,2402880.015000
cFCFS,500,475000,0.1,427635,47365,1.526000,715067.507000,1329105.663000,1955910.342000,2333449.772200,2554926.732980,2577172.068884,2579449.998000,1020.803000,713083.387000,1332056.172000,1960354.431000,2333569.636400,2556044.048600,2578180.950588,2580397.540000
cFCFS,500,500000,0.1,449884,50116,1.469000,749651.476500,1423581.745500,2094691.050250,2499919.686300,2741438.203600,2766882.334713,2771137.066000,1001.577000,755243.695750,1428293.842500,2099136.420250,2502794.478000,2743640.640500,2767883.709770,2770533.492000
cFCFS,500,0,0.5,0,0,0.000000,0.000000,0.000000,0.000000,0.000000,0.000000,0.000000,0.000000,0.000000,0.000000,0.000000,0.000000,0.000000,0.000000,0.000000,0.000000
cFCFS,500,25000,0.5,12559,12441,1.263000,83.702000,341.937000,694.628000,1055.090600,1729.695060,1988.878232,2222.622000,1000.286000,1297.779000,1582.974000,1938.267000,2301.307000,2933.413000,3302.413600,3429.720000
cFCFS,500,50000,0.5,24824,25176,1.592000,237521.101750,481863.808000,688678.201500,820237.925500,897913.948590,906267.970902,909618.583000,1073.469000,242392.003250,486302.603500,695494.353250,823704.566000,899793.056750,907724.737600,908632.108000
cFCFS,500,75000,0.5,37763,37237,1.944000,475083.093000,927149.999000,1363037.657500,1625245.397200,1773679.294760,1787516.628266,1791049.855000,1010.618000,477559.669000,925473.472000,1361065.622000,1621834.751800,1774842.610160,1790355.922872,1792043.975000
cFCFS,500,100000,0.5,49846,50154,1.649000,731341.411500,1407575.098000,2085314.081250,2481118.759500,2722549.749550,2749358.361370,2753037.063000,1017.577000,745085.964000,1416980.846500,2084000.993250,2485203.489400,2725271.981850,2749742.091611,2752101.930000
cFCFS,500,125000,0.5,62576,62424,2.580000,942137.511750,1836113.407000,2732326.421250,3273220.900000,3603934.288750,3636895.733700,3641941.488000,1003.193000,955724.532250,1849811.352500,2742192.596000,3282684.315000,3606485.308810,3639288.249937,3642940.046000
cFCFS,500,150000,0.5,74935,75065,2.080000,1182718.695000,2317698.323000,3470263.260000,4146993.242600,4554116.741780,4591251.347188,4594013.179000,1001.666000,1190430.807000,2326836.847000,3460083.901000,4142162.939600,4551164.630360,4591463.842200,4597623.473000
cFCFS,500,175000,0.5,87545,87455,3.303000,1422394.564000,2816004.063000,4483131.242000,5060321.716000,5167403.172640,5227641.545520,5235146.392000,1014.965000,1421136.540500,2804900.203000,4479407.160500,5058946.842600,5167967.162340,5229508.957900,5236155.543000
cfs,0,0,0,0,0,0.000000,0.000000,0.000000,0.000000,0.000000,0.000000,0.000000,0.000000,0.000000,0.000000,0.000000,0.000000,0.000000,0.000000,0.000000,0.000000
cfs,0,25000,0,25000,0,1.164000,1.874000,2.491000,3.138250,6.204000,40.504970,141.736168,1603.285000,0.000000,0.000000,0.000000,0.000000,0.000000,0.000000,0.000000,0.000000
cfs,0,50000,0,50000,0,1.144000,2.035000,2.591000,3.523000,6.242100,36.423160,129.543766,16724.952000,0.000000,0.000000,0.000000,0.000000,0.000000,0.000000,0.000000,0.000000
cfs,0,75000,0,75000,0,1.145000,2.033000,2.595000,3.495000,5.950000,21.771020,83.197161,7647.300000,0.000000,0.000000,0.000000,0.000000,0.000000,0.000000,0.000000,0.000000
cfs,0,100000,0,100000,0,1.132000,2.074000,2.664000,3.765000,6.418000,10643.420290,10946.984006,12109.062000,0.000000,0.000000,0.000000,0.000000,0.000000,0.000000,0.000000,0.000000
cfs,0,125000,0,125000,0,1.133000,2.220000,2.860000,4.450000,7.303000,102.692410,356.162014,9362.324000,0.000000,0.000000,0.000000,0.000000,0.000000,0.000000,0.000000,0.000000
cfs,0,150000,0,150000,0,1.124000,2.140000,2.786000,4.117000,6.691000,87.096060,6453.206017,12028.637000,0.000000,0.000000,0.000000,0.000000,0.000000,0.000000,0.000000,0.000000
cfs,0,175000,0,175000,0,1.121000,2.397000,3.424000,6.719250,24.423200,1948.546410,2234.791360,16140.935000,0.000000,0.000000,0.000000,0.000000,0.000000,0.000000,0.000000,0.000000
cfs,0,200000,0,200000,0,1.141000,2.647000,5.520000,17.368250,53.862600,237.722270,442.682031,12743.056000,0.000000,0.000000,0.000000,0.000000,0.000000,0.000000,0.000000,0.000000
cfs,0,225000,0,225000,0,1.126000,2.104000,2.693000,3.933000,6.002000,28.060030,578.600037,2525.786000,0.000000,0.000000,0.000000,0.000000,0.000000,0.000000,0.000000,0.000000
cfs,0,250000,0,250000,0,1.114000,2.073000,2.697000,3.946000,6.070000,36.728010,202.050093,1602.438000,0.000000,0.000000,0.000000,0.000000,0.000000,0.000000,0.000000,0.000000
cfs,0,275000,0,275000,0,1.132000,2.091000,2.725000,4.121000,6.306000,49.580000,189.147041,1445.421000,0.000000,0.000000,0.000000,0.000000,0.000000,0.000000,0.000000,0.000000
cfs,0,300000,0,300000,0,1.119000,2.123000,2.768000,4.321250,6.565000,119.628420,295.639014,1642.164000,0.000000,0.000000,0.000000,0.000000,0.000000,0.000000,0.000000,0.000000
cfs,0,325000,0,325000,0,1.124000,2.093000,2.734000,4.134000,6.251000,42.407230,209.503206,4967.891000,0.000000,0.000000,0.000000,0.000000,0.000000,0.000000,0.000000,0.000000
cfs,0,350000,0,350000,0,1.125000,2.161000,2.784000,4.359000,6.683100,111.964050,249.659018,5575.965000,0.000000,0.000000,0.000000,0.000000,0.000000,0.000000,0.000000,0.000000
cfs,0,375000,0,375000,0,1.123000,2.105000,2.764000,4.299000,6.629000,69.144070,219.073018,6144.124000,0.000000,0.000000,0.000000,0.000000,0.000000,0.000000,0.000000,0.000000
cfs,0,400000,0,400000,0,1.123000,2.152000,2.831000,4.780000,7.956000,186.099100,453.747025,6808.485000,0.000000,0.000000,0.000000,0.000000,0.000000,0.000000,0.000000,0.000000
cfs,0,425000,0,425000,0,1.105000,2.202000,2.842000,4.629000,6.589000,60.568040,175.635151,3953.686000,0.000000,0.000000,0.000000,0.000000,0.000000,0.000000,0.000000,0.000000
cfs,0,450000,0,450000,0,1.122000,2.110000,2.723000,4.068000,6.197000,50.834200,280.674111,3194.320000,0.000000,0.000000,0.000000,0.000000,0.000000,0.000000,0.000000,0.000000
cfs,0,475000,0,475000,0,1.119000,2.129000,2.756000,4.188000,6.317000,54.546000,152.452017,3417.486000,0.000000,0.000000,0.000000,0.000000,0.000000,0.000000,0.000000,0.000000
cfs,0,500000,0,500000,0,1.119000,2.148000,2.813000,4.544000,6.936000,366.045390,719.662019,5116.100000,0.000000,0.000000,0.000000,0.000000,0.000000,0.000000,0.000000,0.000000
cfs,0,0,0.01,0,0,0.000000,0.000000,0.000000,0.000000,0.000000,0.000000,0.000000,0.000000,0.000000,0.000000,0.000000,0.000000,0.000000,0.000000,0.000000,0.000000
cfs,0,25000,0.01,24731,269,1.148000,1.704000,2.375000,2.813000,5.626000,7.700500,23.739570,221.931000,1000.232000,1000.678000,1001.435000,1002.094000,1004.869200,1255.407200,2064.657368,2085.809000
cfs,0,50000,0.01,49505,495,1.130000,1.757000,2.386000,2.842000,5.317600,7.697880,25.098728,1033.294000,1000.252000,1000.908500,1001.427000,1002.069500,1004.841200,1455.026940,2239.530692,2339.211000
cfs,0,75000,0.01,74260,740,1.133000,1.914000,2.478000,3.063000,5.325100,8.279410,35.942913,1216.233000,1000.185000,1000.990500,1001.482000,1002.208000,1005.036800,1567.336610,1989.289826,2190.051000
cfs,0,100000,0.01,99006,994,1.139000,1.966000,2.521000,3.199000,5.060000,8.230950,22.480890,1212.912000,1000.235000,1001.000750,1001.516500,1002.218750,1004.590700,1276.438650,2461.704116,3288.464000
cfs,0,125000,0.01,123790,1210,1.131000,1.932000,2.559000,3.341000,4.926000,9.220000,33.972029,2347.630000,1000.217000,1001.071000,1001.620000,1002.548000,1004.956200,1659.129730,3092.550285,3376.276000
cfs,0,150000,0.01,148437,1563,1.127000,2.094000,2.669000,3.691000,5.601000,33.578640,869.067680,3610.278000,1000.178000,1001.123500,1001.737000,1003.069500,1005.943400,1786.705080,2535.177980,2695.885000
cfs,0,175000,0.01,173214,1786,1.107000,2.285000,3.015000,4.946000,10.568700,446.910000,2324.594575,6772.609000,1000.175000,1001.283500,1002.035500,1004.371750,1027.367000,2099.478800,3496.618880,5101.159000
cfs,0,200000,0.01,198042,1958,1.145000,2.278000,2.965000,4.590000,7.030000,105.842780,712.987288,12425.336000,1000.214000,1001.311250,1002.055000,1003.866500,1009.613000,1670.103230,2362.582052,3849.748000
cfs,0,225000,0.01,222673,2327,1.140000,2.377000,3.296000,5.501000,9.864000,126.080680,981.285136,8821.514000,1000.237000,1001.468000,1002.554000,1005.059000,1016.126800,1820.046960,3095.501960,3306.626000
cfs,0,250000,0.01,247535,2465,1.119000,2.434000,3.559000,6.072000,13.800600,584.348300,1529.885340,2498.077000,1000.202000,1001.472000,1002.740000,1005.759000,1025.516800,2090.320360,3418.432656,4918.443000
cfs,0,275000,0.01,272247,2753,1.141000,2.531000,3.842000,6.759000,15.449400,475.496920,1159.717684,2643.582000,1000.215000,1001.627000,1003.009000,1006.612000,1037.224400,1976.006280,3097.848112,4532.136000
cfs,0,300000,0.01,297047,2953,1.136000,2.776000,4.984000,11.585000,66.487800,1139.929540,3075.081574,3637.196000,1000.149000,1001.908000,1004.593000,1016.323000,1114.987000,2729.378640,5121.143632,6775.462000
cfs,0,325000,0.01,321766,3234,1.122000,3.120000,6.334000,23.498250,322.276000,3130.987750,7068.685350,19292.751000,1000.197000,1002.192500,1006.176500,1052.868000,1681.692300,4880.361800,9820.077093,34497.454000
cfs,0,350000,0.01,346515,3485,1.152000,6.826000,38.457000,726.526500,2143.906800,6200.120640,8911.322972,15141.079000,1000.185000,1006.751000,1067.760000,1918.881000,3603.883200,8637.792600,13770.412128,24387.879000
cfs,0,375000,0.01,371219,3781,1.138000,9.197000,118.077000,1112.380000,3618.747200,7520.465280,9977.007146,22961.554000,1000.239000,1010.538000,1207.379000,2396.168000,4985.679000,9745.684600,22952.474940,25952.118000
cfs,0,400000,0.01,396112,3888,1.140000,17.354000,610.357000,2522.483750,5818.890300,16310.480330,19336.822563,44891.486000,1000.178000,1027.208000,1775.200000,3935.083500,7693.711800,17478.161180,29950.809209,37724.750000
cfs,0,425000,0.01,420821,4179,1.139000,28.328000,787.698000,3424.451000,8261.040000,14998.884400,17625.592420,51033.538000,1000.288000,1056.144000,1950.576000,5014.394500,9942.071600,18488.592200,35017.283096,58107.355000
cfs,0,450000,0.01,445512,4488,1.132000,87.080250,977.835000,3240.806250,11009.532700,23068.618770,24736.933482,46636.507000,1000.266000,1107.147250,2057.322000,4576.154250,13493.669900,25209.924150,40647.925556,56456.802000
cfs,0,475000,0.01,470358,4642,1.145000,147.558250,1308.854500,4668.904250,7894.797300,13147.282360,18410.097920,29568.495000,1000.339000,1233.061250,2565.726000,5867.029500,9150.179200,17455.099550,31947.850979,43041.503000
cfs,0,500000,0.01,494886,5114,1.154000,805.134250,2921.319000,9540.751500,18005.101500,22311.296900,23698.249445,47839.120000,1000.282000,1912.912250,4233.475000,11274.250250,19572.038800,26203.095280,44627.950382,62232.147000
cfs,0,0,0.1,0,0,0.000000,0.000000,0.000000,0.000000,0.000000,0.000000,0.000000,0.000000,0.000000,0.000000,0.000000,0.000000,0.000000,0.000000,0.000000,0.000000
cfs,0,25000,0.1,22549,2451,1.138000,2.319000,2.852000,27.965000,1185.335600,4006.216360,6013.459920,6029.782000,1000.201000,1001.399500,1002.284000,1199.592000,2959.395000,6006.718000,10235.589500,21750.729000
cfs,0,50000,0.1,45037,4963,1.178000,3.803000,108.851000,792.812000,2546.716200,9145.635600,11259.738316,15550.724000,1000.226000,1003.645500,1179.492000,1980.346000,4097.962200,11777.266280,23030.639384,31081.601000
cfs,0,75000,0.1,67540,7460,1.246000,4278.065750,9694.038000,13213.726750,14778.762900,19841.140580,22032.730915,35966.432000,1000.443000,5377.697750,11312.868000,14501.094000,16153.623400,36069.568290,61330.526203,202060.699000
cfs,0,100000,0.1,90117,9883,1.400000,128115.851000,244613.533000,346362.524000,430553.073600,465303.547520,469695.146408,472006.267000,1000.391000,131394.643500,250006.510000,346130.270500,431695.069600,467743.698100,479692.102342,889819.311000
cfs,0,125000,0.1,112558,12442,1.446000,191028.011500,390709.343000,619186.718500,738847.594400,821107.035960,828767.863860,829930.319000,1000.595000,188169.018500,393878.304500,623412.832250,744167.317600,824015.285240,831623.013819,850642.442000
cfs,0,150000,0.1,134984,15016,1.802000,260080.355500,560208.482500,873710.169250,1057836.302200,1173953.164070,1186080.529042,1189245.415000,1000.866000,266657.416750,570849.044000,882748.330500,1058271.379000,1176078.812550,1189040.284890,1199562.330000
cfs,0,175000,0.1,157687,17313,1.547000,351834.683500,702994.757000,1107528.355500,1366851.037600,1512960.139080,1533979.622536,1537316.411000,1001.376000,360902.982000,711091.930000,1124530.340000,1375767.074400,1516643.835560,1537209.016376,1587551.959000
cfs,0,200000,0.1,180177,19823,1.530000,455646.953000,894286.924000,1378568.901000,1712203.944600,1923025.376000,1942477.393224,1944886.296000,1001.582000,465011.973500,900746.602000,1388085.307500,1725102.715400,1924731.894140,1944993.873896,2104182.936000
cfs,0,225000,0.1,202324,22676,1.247000,535439.583750,1141203.788000,1737746.162000,2087906.092500,2301305.894360,2325810.808199,2329445.884000,1000.674000,542118.766250,1138975.605000,1746030.274750,2089142.340000,2305719.452750,2328921.714025,2371480.762000
cfs,0,250000,0.1,225055,24945,1.327000,609348.752000,1263460.521000,1938459.016500,2359503.345200,2602499.006160,2631630.222216,2636732.944000,1002.019000,609673.836000,1280359.051000,1943401.217000,2360617.069000,2605453.786440,2634248.812224,2649453.244000
cfs,0,275000,0.1,247391,27609,1.435000,761492.427000,1413744.850000,2010220.015500,2405352.890000,2640532.723100,2663456.333560,2746820.065000,1000.347000,751501.242000,1394984.700000,2010537.466000,2407672.304200,2641884.117600,2665099.646384,2672775.442000
cfs,0,300000,0.1,270242,29758,1.230000,658699.533500,1366732.944000,2079175.970000,2503440.679000,2786290.870950,2816393.645000,2822459.528000,1001.230000,663720.586250,1374498.680000,2088751.850750,2514831.982700,2790698.637920,2819982.404801,2826559.980000
cfs,0,325000,0.1,292615,32385,1.277000,754443.816000,1593260.535000,2365637.132000,2838494.773200,3130025.269100,3159033.376632,3162020.307000,1001.355000,741493.714000,1583602.548000,2368859.535000,2841981.878000,3132075.545400,3160653.776520,3205633.793000
cfs,0,350000,0.1,315160,34840,1.486000,770095.863750,1706140.440000,2591386.981500,3137705.350500,3445502.320100,3476998.341036,3620113.610000,1001.190000,778943.797750,1718078.241500,2593411.928500,3136443.740500,3446893.374700,3478163.039464,3483704.668000
cfs,0,375000,0.1,337459,37541,1.392000,897106.924500,1874446.136000,2838295.729000,3433277.764400,3782967.809280,3820783.902420,3824435.215000,1000.719000,911086.425000,1892400.623000,2858909.771000,3440815.920000,3787768.199400,3822581.132420,3828890.942000
cfs,0,400000,0.1,360188,39812,1.355000,948562.728500,2048103.514000,3151994.421250,3787450.451800,4152783.971870,4189375.251122,4194382.141000,1000.542000,970668.978500,2061365.604000,3156538.861750,3784325.696500,4154585.720220,4191748.575279,4269292.246000
cfs,0,425000,0.1,382208,42792,1.379000,1036809.906250,2219053.538500,3346117.357500,4023788.095600,4429265.391820,4470160.513621,4476105.782000,1001.494000,1027925.482750,2216747.413000,3345091.618000,4026615.203000,4432854.355990,4472918.470494,4523823.765000
cfs,0,450000,0.1,405319,44681,1.326000,1154290.550500,2315819.862000,3562780.115500,4282821.820000,4703785.026740,4748915.133184,4752247.817000,1001.101000,1128814.970000,2311177.029000,3543754.114000,4275505.622000,4706662.147200,4749823.678000,4824567.218000
cfs,0,475000,0.1,427834,47166,1.767000,1230731.718500,2504723.269500,3851859.462250,4612444.725400,5012360.545670,5021574.900262,5026470.512000,1002.425000,1234544.785500,2506790.971500,3856092.163250,4613735.189000,5012198.303300,5021682.423240,5027425.422000
cfs,0,0,0.5,0,0,0.000000,0.000000,0.000000,0.000000,0.000000,0.000000,0.000000,0.000000,0.000000,0.000000,0.000000,0.000000,0.000000,0.000000,0.000000,0.000000
cfs,0,25000,0.5,12335,12665,1.439000,116603.293500,226980.666000,380758.181500,472841.309600,526139.067920,532365.472944,532960.193000,1000.354000,117739.046000,229692.671000,381316.572000,472547.924600,528595.237360,539112.741520,547980.446000
cfs,0,50000,0.5,24946,25054,2.531000,489120.204500,994511.452000,1556763.630000,1881637.916500,2073829.455800,2092562.602080,2095874.082000,1001.462000,485264.222750,1002225.047000,1552600.857500,1879276.820000,2074781.109310,2093847.569953,2102396.496000
cfs,0,75000,0.5,37677,37323,1.723000,950331.225000,1860810.691000,2815890.403000,3373989.269200,3713739.038000,3750441.918948,3754486.904000,1001.040000,944893.922000,1874748.225000,2815443.484000,3379609.322800,3718346.876240,3752454.624476,3759712.945000
cfs,0,100000,0.5,49798,50202,1.529000,1378536.285750,2736995.354000,4076455.045500,4931530.701900,5064519.796210,5072180.480623,5076825.103000,1000.443000,1371147.309500,2728564.419500,4081460.233500,4926100.492300,5065118.672810,5073109.694013,5080221.829000
