sched_type,preemption_interval_us,throughput,proportion_long_jobs,num_short,num_long,short_0_pct,short_25_pct,short_50_pct,short_75_pct,short_90_pct,short_99_pct,short_99.9_pct,short_100_pct,long_0_pct,long_25_pct,long_50_pct,long_75_pct,long_90_pct,long_99_pct,long_99.9_pct,long_100_pct
dFCFS,0,0,0,0,0,0.000000,0.000000,0.000000,0.000000,0.000000,0.000000,0.000000,0.000000,0.000000,0.000000,0.000000,0.000000,0.000000,0.000000,0.000000,0.000000
dFCFS,0,25000,0,25000,0,4.726000,12.395250,32.779500,93.869250,299.816500,8213.935230,8602.844798,12494.766000,0.000000,0.000000,0.000000,0.000000,0.000000,0.000000,0.000000,0.000000
dFCFS,0,50000,0,50000,0,3.821000,12.187000,43.012000,211.629250,572.415400,11983.651520,12774.308255,15772.886000,0.000000,0.000000,0.000000,0.000000,0.000000,0.000000,0.000000,0.000000
dFCFS,0,75000,0,75000,0,4.408000,12.915000,58.033000,406.227500,1000.196700,2167.437050,3197.430412,12285.214000,0.000000,0.000000,0.000000,0.000000,0.000000,0.000000,0.000000,0.000000
dFCFS,0,100000,0,100000,0,3.985000,13.033000,34.733500,302.371500,857.534400,4322.213760,5712.423563,23986.216000,0.000000,0.000000,0.000000,0.000000,0.000000,0.000000,0.000000,0.000000
dFCFS,0,125000,0,125000,0,4.389000,14.648750,59.226500,438.364750,1148.970400,2649.120840,3497.821266,11764.453000,0.000000,0.000000,0.000000,0.000000,0.000000,0.000000,0.000000,0.000000
dFCFS,0,150000,0,150000,0,4.499000,16.119000,79.110500,736.637000,1802.816800,5212.576250,7940.427574,15549.038000,0.000000,0.000000,0.000000,0.000000,0.000000,0.000000,0.000000,0.000000
dFCFS,0,175000,0,175000,0,3.679000,17.970000,109.449000,724.076500,1820.234700,4531.893350,6547.917049,14884.551000,0.000000,0.000000,0.000000,0.000000,0.000000,0.000000,0.000000,0.000000
dFCFS,0,200000,0,200000,0,4.427000,22.154000,259.015500,1249.058000,3146.920400,8793.858000,12115.967605,30405.001000,0.000000,0.000000,0.000000,0.000000,0.000000,0.000000,0.000000,0.000000
dFCFS,0,225000,0,225000,0,4.495000,25.491750,242.085000,1159.226250,2510.210400,4513.858660,7238.554017,21254.566000,0.000000,0.000000,0.000000,0.000000,0.000000,0.000000,0.000000,0.000000
dFCFS,0,250000,0,250000,0,3.986000,36.938000,503.889000,1817.191500,3655.023500,6407.672040,9236.556340,41181.487000,0.000000,0.000000,0.000000,0.000000,0.000000,0.000000,0.000000,0.000000
dFCFS,0,275000,0,275000,0,3.956000,59.533250,733.488500,2854.250500,5640.088600,12745.077980,16542.047691,38423.329000,0.000000,0.000000,0.000000,0.000000,0.000000,0.000000,0.000000,0.000000
dFCFS,0,300000,0,300000,0,4.432000,34.286750,336.797000,1366.743000,3176.137700,6398.672690,7121.443677,29591.897000,0.000000,0.000000,0.000000,0.000000,0.000000,0.000000,0.000000,0.000000
dFCFS,0,325000,0,325000,0,3.815000,203.800750,1432.387000,3684.171750,6686.288900,12020.945410,25180.743127,60727.816000,0.000000,0.000000,0.000000,0.000000,0.000000,0.000000,0.000000,0.000000
dFCFS,0,350000,0,350000,0,4.453000,206.964500,1417.024500,4022.042750,7182.729300,16020.514480,18278.493800,43590.133000,0.000000,0.000000,0.000000,0.000000,0.000000,0.000000,0.000000,0.000000
dFCFS,0,375000,0,375000,0,3.865000,147.936750,1386.337000,3446.328750,6326.709200,13068.836850,15917.401627,38359.519000,0.000000,0.000000,0.000000,0.000000,0.000000,0.000000,0.000000,0.000000
dFCFS,0,400000,0,400000,0,3.829000,258.892750,1702.120000,5030.957750,8479.811100,13613.746510,15682.902524,40818.484000,0.000000,0.000000,0.000000,0.000000,0.000000,0.000000,0.000000,0.000000
dFCFS,0,425000,0,425000,0,4.766000,624.891000,2820.428500,6584.604750,11105.777200,16435.104850,18169.788138,83660.698000,0.000000,0.000000,0.000000,0.000000,0.000000,0.000000,0.000000,0.000000
dFCFS,0,450000,0,450000,0,4.735000,690.632000,3557.353000,11649.023750,18458.072100,25790.262040,29628.587268,81618.710000,0.000000,0.000000,0.000000,0.000000,0.000000,0.000000,0.000000,0.000000
dFCFS,0,475000,0,475000,0,4.815000,3102.328000,6085.524500,9117.886750,12314.551300,15398.095940,16608.802181,74151.515000,0.000000,0.000000,0.000000,0.000000,0.000000,0.000000,0.000000,0.000000
dFCFS,0,500000,0,500000,0,4.760000,2354.250250,4266.387000,8074.625500,10010.576300,13808.076400,14369.382099,74593.077000,0.000000,0.000000,0.000000,0.000000,0.000000,0.000000,0.000000,0.000000
dFCFS,0,0,0.01,0,0,0.000000,0.000000,0.000000,0.000000,0.000000,0.000000,0.000000,0.000000,0.000000,0.000000,0.000000,0.000000,0.000000,0.000000,0.000000,0.000000
dFCFS,0,25000,0.01,24745,255,4.671000,12.193000,33.303000,76.261000,228.368600,775.761240,3251.726808,10637.619000,1005.651000,1010.529500,1031.866000,1096.777000,1293.424200,2706.923100,4167.108826,4439.519000
dFCFS,0,50000,0.01,49491,509,4.119000,11.360000,25.655000,167.844500,625.550000,2746.891000,3672.726330,12021.915000,1004.727000,1010.470000,1022.338000,1203.718000,1653.602200,4317.064160,9514.599624,12324.054000
dFCFS,0,75000,0.01,74250,750,3.958000,12.245250,24.526500,236.644750,1016.838900,4895.903830,6221.206706,13839.869000,1004.287000,1011.258000,1024.016000,1270.057750,2225.356100,6044.332960,9975.430323,11928.877000
dFCFS,0,100000,0.01,99011,989,4.467000,13.193000,32.582000,330.480000,1316.217000,4707.562500,6460.247930,47944.159000,1003.839000,1012.974000,1051.866000,1412.952000,2389.158800,6150.374280,8100.710596,9055.003000
dFCFS,0,125000,0.01,123716,1284,4.580000,14.429000,42.946000,469.253750,1499.973000,4255.529100,5631.723650,17435.638000,1004.039000,1013.661000,1045.410500,1452.219250,2671.218400,5547.689190,9865.301887,16589.656000
dFCFS,0,150000,0.01,148532,1468,4.543000,17.763000,128.559000,1237.630750,3542.118200,9977.971440,12489.343164,21240.986000,1003.742000,1017.243000,1114.077000,2283.957000,4782.033800,11847.535250,14472.466297,30068.588000
dFCFS,0,175000,0.01,173275,1725,4.445000,20.366500,166.076000,1175.504000,3070.242600,7311.063340,8920.812836,20378.750000,1003.760000,1019.757000,1173.213000,2234.258000,4187.419400,8014.852560,10345.168072,14308.575000
dFCFS,0,200000,0.01,198007,1993,4.529000,32.031000,572.977000,2379.169000,4905.443800,15303.366440,19145.148594,49574.161000,1004.340000,1049.093000,1833.973000,3624.254000,6067.141200,15561.221240,19485.534224,20568.070000
dFCFS,0,225000,0.01,222687,2313,4.070000,34.415500,591.537000,2617.716000,4882.207000,10142.975940,11941.604000,24702.582000,1003.958000,1037.748000,1692.434000,3763.919000,6077.686400,11518.140440,14739.678336,15818.019000
dFCFS,0,250000,0.01,247473,2527,4.453000,40.528000,902.466000,3702.426000,5974.623400,10241.234720,13320.199584,83397.318000,1003.711000,1040.132000,1988.392000,5018.763500,7192.425800,13218.597580,19837.483710,21248.965000
dFCFS,0,275000,0.01,272188,2812,4.443000,130.142250,1339.895000,4111.012000,7638.372800,13723.408830,16302.764668,58609.699000,1003.820000,1116.194250,2300.999500,5253.746500,9042.715800,16286.703680,23327.053524,30189.804000
dFCFS,0,300000,0.01,296960,3040,4.400000,109.136000,744.261500,2785.454750,7624.090300,14714.707480,15209.306840,71138.337000,1003.749000,1111.474500,1734.990000,3798.221000,8837.484800,15776.335350,19308.623191,29941.754000
dFCFS,0,325000,0.01,321709,3291,4.508000,4816.029000,10258.842000,16351.043000,21097.036400,24266.157440,25311.768160,136088.059000,1004.746000,5908.043000,11358.031000,17538.225500,22269.458000,25995.064000,35944.526410,49074.690000
dFCFS,0,350000,0.01,346671,3329,6.219000,12020.538000,16519.187000,19573.920000,22730.339000,25440.531500,26476.399650,135041.870000,1014.514000,13029.656000,17506.475000,20902.357000,23781.945000,27281.686880,36952.309976,44682.652000
dFCFS,0,375000,0.01,371241,3759,8.767000,11191.306000,37155.909000,55860.701000,68294.274000,71676.127400,72079.354800,140486.356000,1015.252000,12525.611000,37847.427000,56272.965500,69079.866400,72683.622040,80563.532082,90712.436000
dFCFS,0,400000,0.01,396082,3918,4.716000,27806.277750,60695.011000,88566.446750,107944.360500,114977.902190,115615.843838,171808.265000,1009.805000,28587.270000,61613.382500,90033.422000,107620.548800,115967.144560,117244.620849,130878.823000
dFCFS,0,425000,0.01,420771,4229,9.422000,72293.097500,125673.537000,176378.050500,200430.152000,225095.822800,226233.699390,266691.778000,1047.206000,72663.512000,126728.445000,177909.643000,201715.916200,226018.970880,227056.510444,238049.922000
dFCFS,0,450000,0.01,445413,4587,6.212000,76735.738000,163764.480000,225418.039000,261998.854800,283498.450960,287677.490548,306594.484000,1007.993000,80200.488500,168248.293000,229367.879500,265346.853800,285626.138560,288674.433406,297649.670000
dFCFS,0,475000,0.01,470271,4729,13.072000,73184.500000,159638.073000,256799.078500,290389.409000,312563.095200,317415.497280,350011.845000,1080.152000,77437.693000,163146.905000,257820.740000,291598.804000,314400.816440,319054.647568,328195.271000
dFCFS,0,500000,0.01,494993,5007,9.414000,118310.913000,224010.125000,340671.610000,407648.639800,438423.299360,441130.935120,530483.278000,1056.561000,116820.187000,218500.539000,339638.605500,404254.892000,439272.455880,442142.254274,448605.947000
dFCFS,0,0,0.1,0,0,0.000000,0.000000,0.000000,0.000000,0.000000,0.000000,0.000000,0.000000,0.000000,0.000000,0.000000,0.000000,0.000000,0.000000,0.000000,0.000000
dFCFS,0,25000,0.1,22556,2444,4.542000,12.093750,34.534000,890.304000,2802.768500,8857.920250,13097.446535,24475.708000,1003.858000,1011.589750,1039.213500,2068.832000,4280.479800,10860.943690,14193.441481,23963.582000
dFCFS,0,50000,0.1,45000,5000,4.572000,51.119500,930.399000,4142.798250,8397.760900,18442.730190,19592.459363,91394.125000,1003.680000,1061.697000,1951.428000,5165.318500,9396.019500,19887.811870,21876.226346,26089.252000
dFCFS,0,75000,0.1,67557,7443,10.379000,74467.012000,108003.081000,162808.544000,197210.831600,218198.636040,219611.099308,516395.212000,1019.354000,74975.864500,109110.029000,165362.203000,198410.378400,219179.531540,220832.884486,236192.792000
dFCFS,0,100000,0.1,90114,9886,7.531000,162647.627000,311020.720500,442927.204250,517493.748500,564401.448230,568875.393949,932186.156000,1009.232000,157914.967500,304893.974000,441088.520250,518144.249500,565200.438050,569897.912590,869458.557000
dFCFS,0,125000,0.1,112569,12431,7.997000,238281.586000,484971.212000,732769.040000,1069390.560200,1145687.829640,1153550.354496,1200947.611000,1013.379000,244188.956500,489758.472000,733753.901000,1066899.403000,1146565.477600,1154411.736540,1158071.414000
dFCFS,0,150000,0.1,134886,15114,9.255000,358205.018750,700739.259500,1087262.744250,1284704.021000,1414307.676150,1428755.488520,1703513.656000,1015.666000,355818.627250,699880.993000,1088880.138500,1287380.869300,1416086.054470,1429644.216576,1438027.786000
dFCFS,0,175000,0.1,157453,17547,11.496000,457896.717000,894917.135000,1575908.038000,1851387.923000,2006530.247200,2024505.333568,2027635.376000,1016.752000,450948.300500,892055.293000,1574616.805000,1849304.101400,2007910.394340,2025478.868036,2029228.982000
dFCFS,0,200000,0.1,180123,19877,7.323000,533942.638500,1085006.374000,1893755.910000,2293013.536400,2469697.759400,2488080.227024,2710609.924000,1012.233000,539774.525000,1072459.873000,1880523.195000,2284239.665200,2469864.166480,2488843.605312,2494603.338000
dFCFS,0,225000,0.1,202515,22485,6.841000,706450.995500,1429134.544000,2067100.969500,2442753.511400,2665685.308800,2687214.436214,2772748.337000,1015.521000,688039.570000,1416864.596000,2059006.914000,2443594.312800,2665791.331600,2688076.695464,2691763.631000
dFCFS,0,250000,0.1,225106,24894,8.357000,763679.721500,1544195.642000,2271611.239500,2921052.587000,3172217.609500,3201394.411840,3361039.002000,1010.905000,758132.956500,1546435.893000,2270051.140500,2919281.893800,3175596.468650,3203080.613888,3206961.149000
dFCFS,0,275000,0.1,247270,27730,6.299000,901779.480500,1837584.537500,2895887.515750,3375907.451400,3703288.692280,3731730.084274,3784243.965000,1007.603000,889196.416500,1834301.632500,2886107.484500,3378745.856200,3702422.259570,3732289.405839,3737269.295000
dFCFS,0,300000,0.1,270147,29853,5.832000,959250.548000,1917460.978000,2839537.176000,3518850.892200,3858599.458240,3889971.337624,3977855.867000,1010.206000,949036.272000,1915454.760000,2852600.300000,3522180.172600,3858629.785800,3890953.597304,3897053.284000
dFCFS,0,325000,0.1,292417,32583,36.613000,1050549.097000,2241514.031000,3371009.065000,4049579.010400,4421727.038240,4465368.747136,4469710.464000,1039.396000,1049128.557000,2229923.012000,3365967.307000,4055629.020000,4425214.038380,4466586.115312,4475145.747000
dFCFS,0,350000,0.1,314717,35283,9.472000,1120799.461000,2484714.600000,3691382.243000,4413921.562600,4824384.458640,4868573.616876,4931403.743000,1014.096000,1136094.638000,2505692.827000,3714686.015500,4428590.564400,4828641.286580,4869159.523528,4889658.465000
dFCFS,0,375000,0.1,337518,37482,7.347000,1258815.155750,2651943.593000,3968535.306000,4717632.835900,5062030.748170,5108631.066650,5133777.428000,1008.658000,1235413.493500,2635337.067000,3959034.112750,4717223.692600,5065558.771760,5108736.930302,5113714.924000
dFCFS,0,0,0.5,0,0,0.000000,0.000000,0.000000,0.000000,0.000000,0.000000,0.000000,0.000000,0.000000,0.000000,0.000000,0.000000,0.000000,0.000000,0.000000,0.000000
dFCFS,0,25000,0.5,12363,12637,10.208000,231396.082000,440440.591000,650575.221000,777480.113200,850151.876460,857682.709500,1465515.966000,1008.051000,227384.183000,437759.447000,649737.212000,775872.153400,850926.003520,858463.861180,866302.156000
dFCFS,0,50000,0.5,24985,25015,12.001000,689341.156000,1348421.937000,2029241.097000,2405554.711200,2640137.627240,2662385.601816,2752736.788000,1013.508000,682382.853000,1332529.753000,2000720.518000,2395262.233200,2641147.284420,2663901.157180,2669041.350000
dFCFS,0,75000,0.5,37763,37237,6.342000,1168720.300500,2275530.602000,3370978.973000,4070421.972600,4453819.892180,4488968.866878,4492240.706000,1005.896000,1129071.828000,2261570.611000,3375205.513000,4051766.732600,4449769.604560,4489267.543548,4910160.219000
dFCFS,0,100000,0.5,49992,50008,13.021000,1592987.565000,3220885.351500,4976709.776250,5126444.572700,5202741.353900,5240308.804903,5248007.771000,1011.922000,1601866.565000,3178255.104000,4967347.872750,5124899.606600,5202601.206600,5242708.917560,5251230.817000
cFCFS,500,0,0,0,0,0.000000,0.000000,0.000000,0.000000,0.000000,0.000000,0.000000,0.000000,0.000000,0.000000,0.000000,0.000000,0.000000,0.000000,0.000000,0.000000
cFCFS,500,25000,0,25000,0,3.903000,10.682000,12.948500,17.618000,33.050500,244.523340,714.858180,1539.219000,0.000000,0.000000,0.000000,0.000000,0.000000,0.000000,0.000000,0.000000
cFCFS,500,50000,0,50000,0,4.375000,10.755750,13.766000,20.205000,35.345000,156.639660,630.611410,2749.444000,0.000000,0.000000,0.000000,0.000000,0.000000,0.000000,0.000000,0.000000
cFCFS,500,75000,0,75000,0,3.792000,11.298000,15.527500,24.933000,44.273500,197.212370,730.737889,2926.949000,0.000000,0.000000,0.000000,0.000000,0.000000,0.000000,0.000000,0.000000
cFCFS,500,100000,0,100000,0,4.026000,12.214000,17.876000,33.686250,86.816500,931.578970,1841.613176,5644.167000,0.000000,0.000000,0.000000,0.000000,0.000000,0.000000,0.000000,0.000000
cFCFS,500,125000,0,125000,0,3.678000,13.432750,21.573500,41.643500,104.054200,781.891060,1317.855305,5538.277000,0.000000,0.000000,0.000000,0.000000,0.000000,0.000000,0.000000,0.000000
cFCFS,500,150000,0,150000,0,3.712000,13.869000,22.693000,44.828000,89.947200,416.198760,722.519256,3909.268000,0.000000,0.000000,0.000000,0.000000,0.000000,0.000000,0.000000,0.000000
cFCFS,500,175000,0,175000,0,4.011000,15.581000,28.399500,72.051750,166.646800,595.365080,916.480172,7053.280000,0.000000,0.000000,0.000000,0.000000,0.000000,0.000000,0.000000,0.000000
cFCFS,500,200000,0,200000,0,3.872000,16.632000,31.504000,87.881500,220.585200,2448.182390,5056.163407,7759.619000,0.000000,0.000000,0.000000,0.000000,0.000000,0.000000,0.000000,0.000000
cFCFS,500,225000,0,225000,0,3.925000,18.898000,41.219000,146.082000,467.315600,4362.402500,5806.343507,11044.475000,0.000000,0.000000,0.000000,0.000000,0.000000,0.000000,0.000000,0.000000
cFCFS,500,250000,0,250000,0,3.909000,18.700000,35.451000,121.585750,275.212700,1003.859040,2221.115000,12214.708000,0.000000,0.000000,0.000000,0.000000,0.000000,0.000000,0.000000,0.000000
cFCFS,500,275000,0,275000,0,4.131000,23.681000,79.692000,303.427250,976.496700,5624.712320,7793.325794,11091.500000,0.000000,0.000000,0.000000,0.000000,0.000000,0.000000,0.000000,0.000000
cFCFS,500,300000,0,300000,0,3.689000,25.055000,88.413500,284.225000,568.379300,47854.012990,52213.627656,56890.105000,0.000000,0.000000,0.000000,0.000000,0.000000,0.000000,0.000000,0.000000
cFCFS,500,325000,0,325000,0,4.279000,23.875000,60.119000,257.581250,623.275400,3049.286340,4515.044833,10142.265000,0.000000,0.000000,0.000000,0.000000,0.000000,0.000000,0.000000,0.000000
cFCFS,500,350000,0,350000,0,3.822000,34.243000,149.811500,393.519250,763.832800,3085.415060,4552.933231,11829.308000,0.000000,0.000000,0.000000,0.000000,0.000000,0.000000,0.000000,0.000000
cFCFS,500,375000,0,375000,0,4.710000,35.613000,167.929000,504.565250,1169.115000,2931.338280,3970.636057,13899.840000,0.000000,0.000000,0.000000,0.000000,0.000000,0.000000,0.000000,0.000000
cFCFS,500,400000,0,400000,0,3.714000,37.531000,190.969500,619.077250,1529.148100,6793.619110,8594.448014,16548.809000,0.000000,0.000000,0.000000,0.000000,0.000000,0.000000,0.000000,0.000000
cFCFS,500,425000,0,425000,0,4.760000,51.737750,252.535500,664.612500,1639.369400,4175.780720,5404.072618,10907.223000,0.000000,0.000000,0.000000,0.000000,0.000000,0.000000,0.000000,0.000000
cFCFS,500,450000,0,450000,0,4.643000,191.047000,910.106500,3053.109000,5830.675100,13568.510120,13838.099054,19153.921000,0.000000,0.000000,0.000000,0.000000,0.000000,0.000000,0.000000,0.000000
cFCFS,500,475000,0,475000,0,4.681000,224.631750,667.279000,1815.471250,3238.858200,6252.578840,6904.513005,13130.979000,0.000000,0.000000,0.000000,0.000000,0.000000,0.000000,0.000000,0.000000
cFCFS,500,500000,0,500000,0,4.214000,433.874750,1120.961000,2164.013500,3536.954800,6200.497050,7389.892458,21105.374000,0.000000,0.000000,0.000000,0.000000,0.000000,0.000000,0.000000,0.000000
cFCFS,500,0,0.01,0,0,0.000000,0.000000,0.000000,0.000000,0.000000,0.000000,0.000000,0.000000,0.000000,0.000000,0.000000,0.000000,0.000000,0.000000,0.000000,0.000000
cFCFS,500,25000,0.01,24741,259,5.312000,10.721000,13.066000,17.760000,30.500000,146.210000,879.227140,1403.604000,1005.598000,1009.998000,1012.843000,1023.980000,1081.704400,1333.475260,1662.068978,1720.289000
cFCFS,500,50000,0.01,49477,523,3.965000,10.740000,14.148000,22.980000,45.668000,343.219920,3799.303060,5911.963000,1005.048000,1010.132500,1013.831000,1028.463000,1081.337000,1515.407820,4265.437688,5096.564000
cFCFS,500,75000,0.01,74256,744,4.275000,11.425000,16.747000,32.596000,74.304500,469.056900,2495.812970,4033.286000,1004.280000,1011.381500,1019.170500,1054.133000,1157.551500,1999.740820,4814.433116,4833.445000
cFCFS,500,100000,0.01,99004,996,4.621000,12.658000,20.015500,43.535250,98.298600,322.507030,875.219480,2543.954000,1004.820000,1012.095000,1020.904500,1057.832250,1162.295500,1470.064950,2899.691430,2958.283000
cFCFS,500,125000,0.01,123731,1269,4.058000,14.673000,26.083000,63.294500,143.063000,616.923800,1876.781050,5300.603000,1004.419000,1015.347000,1032.088000,1110.031000,1321.332000,2128.861360,3647.528816,5755.964000
cFCFS,500,150000,0.01,148478,1522,3.932000,17.128000,35.641000,92.654500,194.152200,742.669390,1442.775641,6880.417000,1003.849000,1018.100250,1050.731000,1145.523250,1322.696800,2350.800050,3041.343128,7743.328000
cFCFS,500,175000,0.01,173237,1763,3.767000,20.967000,58.878000,178.136000,424.100400,2920.060960,4114.062204,10933.723000,1003.222000,1021.749000,1087.842000,1307.522000,1916.905000,4965.375520,6887.491810,7503.883000
cFCFS,500,200000,0.01,197988,2012,4.268000,21.214000,55.338500,189.301750,443.346000,1983.919320,2982.353477,7014.256000,1003.739000,1024.634500,1098.954500,1313.291500,1803.558900,4071.679040,6417.771138,14331.754000
cFCFS,500,225000,0.01,222708,2292,4.174000,23.478000,79.881500,246.898000,512.111500,3624.362570,6534.942242,11623.341000,1003.767000,1029.324250,1151.485500,1452.303500,1980.876100,4740.606410,7793.581691,8302.325000
cFCFS,500,250000,0.01,247429,2571,3.929000,33.681000,168.778000,476.025000,1153.411200,4455.971440,6239.251420,11706.195000,1003.778000,1060.279500,1289.615000,1772.165000,2775.462000,5940.041300,8650.462530,9549.422000
cFCFS,500,275000,0.01,272255,2745,4.437000,36.299500,203.403000,547.917000,1383.800600,3626.923680,6781.075642,11904.170000,1003.616000,1084.629000,1382.307000,1994.773000,3133.667400,5489.599560,7880.801088,8132.340000
cFCFS,500,300000,0.01,296987,3013,4.432000,32.559000,176.552000,589.000500,1130.567600,2603.560480,3873.877650,7777.919000,1003.698000,1070.460000,1413.138000,2043.879000,2900.499400,5117.072000,10366.801832,12645.570000
cFCFS,500,325000,0.01,321811,3189,4.495000,79.688000,382.628000,925.257500,1822.056000,5610.665700,6123.571990,10643.580000,1003.766000,1243.962000,1776.232000,2538.093000,3792.957800,7782.242760,11414.263356,13348.608000
cFCFS,500,350000,0.01,346572,3428,4.463000,170.585750,607.147500,1444.409750,3555.700800,7069.010310,8576.131428,16177.002000,1003.939000,1420.465750,2114.719500,3277.696750,5503.245600,9218.030220,11940.010238,16853.892000
cFCFS,500,375000,0.01,371360,3640,4.507000,614.781500,1524.064000,3439.247500,6798.967600,12839.299010,14237.488080,17641.316000,1003.956000,2101.948500,3314.371000,5215.515000,8691.812200,14775.534800,16874.996407,18017.528000
cFCFS,500,400000,0.01,396066,3934,4.550000,2715.736000,4217.909000,6097.898750,8093.496500,10147.658600,10654.303775,15765.373000,1004.439000,4538.375250,6151.472500,8167.842750,10161.978100,12389.216860,14687.043346,26103.604000
cFCFS,500,425000,0.01,420819,4181,8.836000,8716.575000,13812.871000,17984.041500,22739.148600,25957.848240,26477.791564,34318.091000,1066.833000,10468.477000,15475.520000,20059.914000,24536.083000,27857.884000,30093.516460,38603.071000
cFCFS,500,450000,0.01,445515,4485,4.523000,40521.991500,53736.021000,63488.500500,78836.617400,83419.069640,83959.546806,90480.757000,1012.258000,42119.378000,55605.655000,65990.041000,81384.971200,85355.408040,86560.840536,90063.654000
cFCFS,500,475000,0.01,470224,4776,4.664000,38431.766750,63603.099500,90989.293000,99672.304600,104512.439430,105331.240949,116044.462000,1078.958000,40309.537000,65064.539500,92425.641500,101773.167000,106316.050500,107990.739325,111353.696000
cFCFS,500,500000,0.01,495054,4946,6.234000,46468.632750,85390.020000,127197.410500,149848.730000,163355.233070,164053.144470,173427.280000,1059.574000,48759.959750,88265.286500,131663.599500,152289.665500,165121.202600,166597.967885,168823.803000
cFCFS,500,0,0.1,0,0,0.000000,0.000000,0.000000,0.000000,0.000000,0.000000,0.000000,0.000000,0.000000,0.000000,0.000000,0.000000,0.000000,0.000000,0.000000,0.000000
cFCFS,500,25000,0.1,22502,2498,4.693000,10.708250,15.243000,29.244000,57.775800,538.313540,1143.719296,2471.524000,1003.975000,1010.553250,1018.444500,1049.749750,1180.716800,1994.873510,3096.832185,5089.014000
cFCFS,500,50000,0.1,44916,5084,4.588000,17.141000,49.368000,199.736250,549.726000,3573.105400,5364.099345,6440.795000,1004.017000,1026.214750,1102.909500,1429.338750,1910.730200,5313.876100,7477.571805,10631.211000
cFCFS,500,75000,0.1,67392,7608,4.612000,54.111500,290.657000,650.730500,1351.212500,4273.339050,6514.491708,21425.877000,1003.812000,1146.607000,1490.405500,2006.359750,2896.361700,6086.392420,8293.244750,17889.724000
cFCFS,500,100000,0.1,90111,9889,4.608000,12657.536500,28224.058000,34290.011500,55565.837000,60601.456200,61633.692100,64965.806000,1006.847000,14480.314000,29992.612000,35792.372000,56612.154600,62259.221600,63842.505968,66775.522000
cFCFS,500,125000,0.1,112545,12455,7.101000,78358.549000,184151.237000,267259.908000,329374.070400,339698.857640,341563.728800,341979.217000,1004.611000,76682.917000,185180.420000,268559.668500,330200.964200,341244.854660,343306.094646,343948.306000
cFCFS,500,150000,0.1,134982,15018,7.122000,119061.517500,260907.631000,374574.575000,444660.355200,504459.241320,513795.241069,514938.892000,1019.823000,120590.710750,258567.462500,377925.371750,446038.831700,505617.724570,515116.989060,516135.139000
cFCFS,500,175000,0.1,157574,17426,5.486000,180478.197500,389289.597500,612336.990500,743517.384500,819716.360180,827976.827893,830132.630000,1008.808000,182801.073250,392189.304500,613291.374500,747084.207500,822113.184500,829511.904800,831198.442000
cFCFS,500,200000,0.1,180130,19870,7.246000,440014.723750,728854.116500,1019458.201000,1167531.950300,1255112.224870,1268369.828739,1271950.242000,1050.301000,432490.023500,724770.128500,1011930.329500,1165749.097100,1255758.131030,1269456.505401,1270728.266000
cFCFS,500,225000,0.1,202573,22427,7.719000,326133.776000,627917.209000,961362.576000,1162440.139400,1282624.190160,1299353.726364,1301089.138000,1016.884000,328399.612000,635530.929000,960266.046500,1161443.151000,1282707.147720,1300310.903112,1306822.071000
cFCFS,500,250000,0.1,224898,25102,5.057000,419863.016750,815574.880000,1188918.214000,1454744.239800,1627986.907550,1638542.239977,1643549.442000,1024.274000,423250.044750,823557.802000,1193258.534500,1458187.494400,1630585.302800,1639950.092285,1644367.953000
cFCFS,500,275000,0.1,247532,27468,11.324000,457004.053250,899542.536500,1347239.872500,1626812.127200,1811039.537310,1824531.804700,1826599.711000,1014.790000,453152.618500,896511.378500,1350458.253500,1625185.302600,1811837.943980,1825781.014428,1827549.324000
cFCFS,500,300000,0.1,269986,30014,12.233000,549097.421750,1049421.940000,1531109.663500,1847685.259500,2018767.967000,2044610.469145,2045867.231000,1031.514000,546974.757500,1042467.612500,1524025.016000,1842631.344000,2019628.690070,2045674.282060,2049014.600000
cFCFS,500,325000,0.1,292532,32468,8.097000,582413.149500,1161592.781000,1742162.962750,2078371.080200,2296012.751500,2322906.055765,2325820.485000,1201.018000,580064.975500,1140966.837500,1731943.936250,2076578.608000,2297226.265050,2323237.937115,2326698.181000
cFCFS,500,350000,0.1,314518,35482,15.487000,662469.316500,1364702.033000,1984731.251500,2373249.522900,2601995.529210,2626684.173571,2630728.996000,1053.827000,663248.078500,1350008.055000,1977542.166250,2370760.414800,2604215.493490,2627922.640555,2629826.185000
cFCFS,500,375000,0.1,337592,37408,63.761000,715306.024750,1428105.024500,2163424.522250,2616662.258200,2864467.947200,2892774.487078,2895458.197000,1187.705000,709840.835000,1424913.210000,2166624.463500,2610097.617900,2867574.789780,2894321.461626,2896660.352000
cFCFS,500,400000,0.1,360066,39934,11.511000,806935.463500,1621235.596000,2485938.689250,2983193.238500,3239179.410550,3269659.638495,3275495.830000,1014.420000,791598.276500,1604275.338500,2476661.339250,2979656.412600,3241391.264780,3270637.945623,3275244.968000
cFCFS,500,425000,0.1,382203,42797,10.846000,827170.718500,1668383.281000,2503798.517000,3008271.038600,3310201.089220,3353017.262302,3355404.720000,1134.190000,837726.053000,1676367.290000,2504926.473000,3003449.365600,3309243.763840,3352949.740560,3356032.729000
cFCFS,500,450000,0.1,405124,44876,7.947000,931538.499250,1832496.984000,2690714.005750,3199741.399200,3533076.762060,3559194.632312,3563878.739000,1018.927000,904909.194500,1815542.845500,2680524.000500,3196450.252500,3532434.169000,3560135.286250,3564043.444000
cFCFS,500,475000,0.1,427380,47620,6.281000,926609.784250,1900935.097500,2928424.467250,3521133.340600,3869806.217820,3905610.245020,3910906.881000,1130.273000,936632.184500,1908198.722000,2930197.071750,3519727.090500,3870041.882130,3906764.765340,3911184.665000
cFCFS,500,500000,0.1,450448,49552,7.647000,976231.916250,2038733.836500,3077034.510500,3671282.162200,4022110.155640,4065609.836198,4073389.890000,1058.002000,980076.292000,2035741.650500,3072554.513000,3672084.689000,4025446.614830,4068684.168350,4073491.017000
cFCFS,500,0,0.5,0,0,0.000000,0.000000,0.000000,0.000000,0.000000,0.000000,0.000000,0.000000,0.000000,0.000000,0.000000,0.000000,0.000000,0.000000,0.000000,0.000000
cFCFS,500,25000,0.5,12558,12442,7.279000,53212.080750,130239.565500,171106.571250,197188.019200,209893.060800,210744.920394,210874.999000,1006.343000,58067.530250,132723.532500,174947.055250,199421.183700,210974.961490,212155.870813,215067.046000
cFCFS,500,50000,0.5,25208,24792,10.854000,370507.547250,751995.708000,1133814.617500,1364159.252600,1473792.121250,1482095.924479,1484506.818000,1008.826000,375410.235500,753778.848000,1136045.220250,1364151.820800,1475913.521120,1483670.895195,1487585.043000
cFCFS,500,75000,0.5,37456,37544,17.363000,718607.026250,1398664.072000,2035869.829750,2454419.304000,2685699.044800,2707315.185105,2709416.042000,1020.763000,713969.268000,1378505.835500,2020280.584750,2452360.437500,2686489.138100,2708123.913982,2710393.350000
cFCFS,500,100000,0.5,50187,49813,10.111000,1047592.434000,1917096.457000,2860352.522500,3419800.464400,3794947.526460,3838993.585700,3848306.732000,1032.481000,1051243.403000,1944557.413000,2877091.550000,3434482.195800,3799481.200080,3845242.250400,3851725.687000
cFCFS,500,125000,0.5,62201,62799,12.759000,1330892.609000,2663506.899000,3950551.731000,4708103.263000,5041245.996000,5072679.481600,5079040.533000,1006.408000,1335021.545000,2661118.446000,3935969.602000,4689151.176400,5041630.174060,5074386.949474,5080577.764000
cfs,0,0,0,0,0,0.000000,0.000000,0.000000,0.000000,0.000000,0.000000,0.000000,0.000000,0.000000,0.000000,0.000000,0.000000,0.000000,0.000000,0.000000,0.000000
cfs,0,25000,0,25000,0,4.792000,10.813000,16.450500,43.296500,125.020500,786.751960,1437.366295,12492.890000,0.000000,0.000000,0.000000,0.000000,0.000000,0.000000,0.000000,0.000000
cfs,0,50000,0,50000,0,4.599000,9.444750,13.505000,52.893750,253.402300,816.839940,1518.993286,10188.351000,0.000000,0.000000,0.000000,0.000000,0.000000,0.000000,0.000000,0.000000
cfs,0,75000,0,75000,0,3.879000,8.806000,11.777000,45.162750,254.551500,2284.415090,6367.127002,14334.641000,0.000000,0.000000,0.000000,0.000000,0.000000,0.000000,0.000000,0.000000
cfs,0,100000,0,100000,0,3.914000,9.120000,13.808000,186.838500,818.200700,2431.322670,3446.357636,10500.233000,0.000000,0.000000,0.000000,0.000000,0.000000,0.000000,0.000000,0.000000
cfs,0,125000,0,125000,0,3.817000,9.263000,14.543000,426.281500,11564.392500,26455.897800,28247.981921,32131.041000,0.000000,0.000000,0.000000,0.000000,0.000000,0.000000,0.000000,0.000000
cfs,0,150000,0,150000,0,3.678000,9.553750,14.688000,104.688500,740.966000,3360.500600,5524.073205,32045.139000,0.000000,0.000000,0.000000,0.000000,0.000000,0.000000,0.000000,0.000000
cfs,0,175000,0,175000,0,4.226000,10.875000,18.861500,230.599750,1085.414100,3322.048810,4477.649838,12050.334000,0.000000,0.000000,0.000000,0.000000,0.000000,0.000000,0.000000,0.000000
cfs,0,200000,0,200000,0,3.857000,11.650000,21.142000,269.292500,1206.996400,4173.696200,6696.121079,16241.539000,0.000000,0.000000,0.000000,0.000000,0.000000,0.000000,0.000000,0.000000
cfs,0,225000,0,225000,0,3.846000,12.784000,27.298000,433.704000,1928.821800,5209.774910,6507.026079,15927.129000,0.000000,0.000000,0.000000,0.000000,0.000000,0.000000,0.000000,0.000000
cfs,0,250000,0,250000,0,3.624000,14.691000,34.048000,520.729750,1827.932200,5582.291410,6785.787004,19668.218000,0.000000,0.000000,0.000000,0.000000,0.000000,0.000000,0.000000,0.000000
cfs,0,275000,0,275000,0,3.775000,14.714000,31.262500,379.493500,1486.426900,4782.644040,6100.585798,22832.603000,0.000000,0.000000,0.000000,0.000000,0.000000,0.000000,0.000000,0.000000
cfs,0,300000,0,300000,0,3.873000,24.673750,291.390000,2204.139000,4939.685800,12810.156570,17261.604012,18913.667000,0.000000,0.000000,0.000000,0.000000,0.000000,0.000000,0.000000,0.000000
cfs,0,325000,0,325000,0,4.206000,17.991750,40.498000,443.042250,2356.548900,7566.433600,9013.328480,17015.097000,0.000000,0.000000,0.000000,0.000000,0.000000,0.000000,0.000000,0.000000
cfs,0,350000,0,350000,0,3.832000,27.004750,210.704500,1300.563000,4218.698700,10315.827270,12707.582100,65047.388000,0.000000,0.000000,0.000000,0.000000,0.000000,0.000000,0.000000,0.000000
cfs,0,375000,0,375000,0,4.569000,28.956000,169.387000,1250.051000,2765.169000,6857.446210,7693.009433,27269.538000,0.000000,0.000000,0.000000,0.000000,0.000000,0.000000,0.000000,0.000000
cfs,0,400000,0,400000,0,4.035000,33.734750,196.762500,1154.182250,3090.731000,7743.545050,9456.962838,21747.274000,0.000000,0.000000,0.000000,0.000000,0.000000,0.000000,0.000000,0.000000
cfs,0,425000,0,425000,0,4.540000,87.434500,1037.159000,4231.945750,12593.270400,23982.701640,24460.032268,39338.889000,0.000000,0.000000,0.000000,0.000000,0.000000,0.000000,0.000000,0.000000
cfs,0,450000,0,450000,0,4.634000,528.271250,2626.865500,5719.757000,8212.450700,14448.432210,16049.157143,25702.972000,0.000000,0.000000,0.000000,0.000000,0.000000,0.000000,0.000000,0.000000
cfs,0,475000,0,475000,0,4.693000,4281.071500,9392.392500,12621.355500,15149.827100,20983.061610,21649.070017,40795.365000,0.000000,0.000000,0.000000,0.000000,0.000000,0.000000,0.000000,0.000000
cfs,0,500000,0,500000,0,8.223000,7227.670750,13346.378500,17022.097000,29187.585700,30398.151230,32336.224522,46676.477000,0.000000,0.000000,0.000000,0.000000,0.000000,0.000000,0.000000,0.000000
cfs,0,0,0.01,0,0,0.000000,0.000000,0.000000,0.000000,0.000000,0.000000,0.000000,0.000000,0.000000,0.000000,0.000000,0.000000,0.000000,0.000000,0.000000,0.000000
cfs,0,25000,0.01,24740,260,4.342000,9.930000,13.289500,37.930250,131.585000,663.148780,1744.389736,7828.353000,1004.695000,1009.235500,1012.265000,1045.768000,1187.416900,2429.463150,9234.291275,11275.930000
cfs,0,50000,0.01,49464,536,4.482000,9.186000,12.838000,72.697250,362.620800,2083.680280,3462.190191,15947.653000,1004.381000,1008.333500,1012.103000,1097.985750,1481.922000,3705.141500,10647.978280,14021.363000
cfs,0,75000,0.01,74252,748,4.561000,8.499000,11.402000,39.123000,264.929300,1133.699360,2210.721686,9163.268000,1003.936000,1007.309500,1010.810000,1094.644750,1493.090300,3255.670130,9836.483630,17324.195000
cfs,0,100000,0.01,98982,1018,4.248000,9.244000,13.615000,104.457750,653.289000,2171.374220,2643.243456,9659.709000,1003.868000,1008.467750,1014.221500,1182.800750,1854.174900,4460.644650,8596.420399,12192.774000
cfs,0,125000,0.01,123746,1254,3.999000,9.356250,13.818000,68.153750,529.714500,4221.183450,6159.149360,24083.210000,1003.939000,1008.717500,1014.334000,1145.220750,1970.982200,5529.824560,7503.684554,14159.382000
cfs,0,150000,0.01,148500,1500,3.952000,11.981000,24.218000,413.277750,1930.033000,6680.220150,8013.698731,26163.212000,1003.580000,1011.532250,1031.439000,1631.746000,3231.960200,8177.139530,18115.102705,20441.494000
cfs,0,175000,0.01,173281,1719,4.082000,13.815000,36.192000,679.843000,2565.358000,6051.192600,6698.093840,19488.735000,1003.764000,1013.582000,1064.489000,1955.454000,4287.581800,8219.049160,17121.100686,30994.721000
cfs,0,200000,0.01,198050,1950,3.667000,16.355000,64.708500,829.597000,2676.328300,9200.550600,10803.924111,18980.241000,1003.669000,1016.717750,1110.721500,1966.560750,4028.830200,10727.405690,13044.769737,20859.947000
cfs,0,225000,0.01,222754,2246,3.994000,19.138500,102.079000,906.026000,3152.943000,12867.088410,16147.750523,30341.862000,1003.748000,1020.241000,1153.003000,2114.727500,4577.870500,14197.399900,17614.587460,23720.549000
cfs,0,250000,0.01,247457,2543,4.057000,106.470000,1431.394000,6092.674000,11247.918000,17461.782080,19896.007088,29572.877000,1003.845000,1145.397500,2582.904000,7385.350500,12885.692400,19602.493760,29290.023022,45900.043000
cfs,0,275000,0.01,272285,2715,4.476000,315.882000,1489.249000,4230.418000,7694.692800,11890.316280,13062.560464,30570.784000,1004.018000,1370.535500,2599.495000,5721.454000,9037.689200,13935.108140,25765.146360,28088.840000
cfs,0,300000,0.01,296950,3050,4.594000,2807.859500,7807.749500,14402.956500,27213.281400,40507.102910,41800.255478,52036.781000,1004.665000,3953.112250,9055.457500,16794.485000,29886.370300,41826.712450,43870.019307,54125.804000
cfs,0,325000,0.01,321720,3280,4.569000,9520.171500,18287.767000,26985.557750,30570.508900,34082.543370,34563.092530,67221.857000,1004.790000,10619.674500,19453.342000,28071.977250,31602.143100,35223.522280,47171.359126,58245.770000
cfs,0,350000,0.01,346467,3533,4.663000,5838.267500,24571.921000,28280.086000,35786.427200,38439.397620,39474.936080,53699.061000,1007.986000,6588.035000,25390.745000,29307.546000,36738.094400,39440.228560,45070.871456,53514.125000
cfs,0,375000,0.01,371182,3818,8.037000,38170.455750,86162.293000,135160.238000,151930.809300,164956.970420,166225.623066,176092.845000,1013.514000,39251.924500,91975.951000,136548.593750,153189.493700,166087.661520,167439.376074,180005.265000
cfs,0,400000,0.01,395909,4091,6.376000,47737.492000,107024.794000,158994.263000,189872.939400,200363.891880,201347.429036,218536.665000,1008.285000,47904.715500,102565.596000,157931.482500,190391.174000,200705.249400,202262.023800,232338.391000
cfs,0,425000,0.01,420631,4369,5.120000,51683.272500,126060.183000,197973.762000,247092.971000,282492.148400,286478.900680,297325.085000,1005.534000,54944.171000,127931.432000,200823.913000,249584.783400,283947.357280,287440.113744,297561.624000
cfs,0,450000,0.01,445435,4565,9.901000,117286.689500,199639.663000,266525.272500,318098.070800,338907.077720,340234.756866,361470.331000,1066.689000,113360.258000,197118.478000,266590.345000,318650.312400,339044.538720,341345.939000,348572.677000
cfs,0,475000,0.01,470237,4763,10.193000,90968.169000,185731.576000,274383.858000,327447.998000,373231.751400,376196.034748,395462.544000,1012.350000,90068.572500,188599.619000,279695.274000,334807.067400,374097.200060,377327.747362,396674.633000
cfs,0,500000,0.01,495047,4953,9.353000,113831.652500,236095.162000,360089.885500,426540.557000,455023.054760,458306.030408,468665.126000,1034.069000,113777.224000,239594.090000,358385.904000,422157.922800,455892.369720,459744.092552,477910.774000
cfs,0,0,0.1,0,0,0.000000,0.000000,0.000000,0.000000,0.000000,0.000000,0.000000,0.000000,0.000000,0.000000,0.000000,0.000000,0.000000,0.000000,0.000000,0.000000
cfs,0,25000,0.1,22534,2466,4.695000,11.769250,27.222000,202.059250,1576.947600,4102.997550,6060.151351,15795.526000,1004.025000,1011.233250,1031.848000,1440.050000,3136.187000,6039.752350,13353.849810,20258.153000
cfs,0,50000,0.1,44961,5039,4.575000,249.501000,1783.792000,6803.517000,14658.209000,26561.141400,27680.315160,101680.318000,1003.643000,1248.907500,3001.603000,8274.319500,16441.185800,27969.309020,56956.881780,91777.954000
cfs,0,75000,0.1,67641,7359,7.649000,37573.594000,122934.354000,163448.417000,198366.098000,212277.932200,219559.339920,282890.036000,1017.295000,39821.099500,121465.905000,164408.946000,199340.314400,216900.317580,226564.849024,272725.037000
cfs,0,100000,0.1,89948,10052,5.103000,164930.958500,323451.561000,510066.001250,620896.163800,687539.932300,695926.945707,734844.535000,1005.496000,169486.639750,324298.532000,507780.226750,621672.527800,691194.056160,701524.391196,726054.848000
cfs,0,125000,0.1,112527,12473,7.239000,262244.644000,511198.859000,795317.817000,979012.172200,1089438.673160,1101919.076436,1109172.536000,1006.801000,271570.512000,517293.598000,806235.140000,981623.800200,1093216.677360,1103852.876616,1115304.693000
cfs,0,150000,0.1,135060,14940,5.391000,335198.290750,747024.920500,1145259.080750,1380600.853400,1529172.802350,1545636.700072,1554648.001000,1008.615000,335319.493750,742706.976000,1143073.761500,1383731.701400,1532106.372400,1547411.767689,1565585.761000
cfs,0,175000,0.1,157742,17258,7.186000,472501.908500,965478.186500,1487275.623750,1761593.065400,1945366.535500,1968922.198440,1974176.837000,1012.448000,477771.156750,965877.391500,1481962.384750,1762096.832800,1946653.859710,1970876.705166,1975380.166000
cfs,0,200000,0.1,179964,20036,7.238000,567731.946250,1165562.251000,1814907.258750,2195961.940400,2429174.480030,2452648.693618,2476427.783000,1004.828000,569392.277750,1189790.555000,1813969.750250,2199381.510000,2431888.881150,2453875.278170,2460495.747000
cfs,0,225000,0.1,202522,22478,6.139000,644659.981250,1332745.461000,2049156.361500,2486288.550700,2760402.346730,2781343.815957,2794060.777000,1010.263000,639550.744250,1329830.293000,2058040.074250,2495838.605900,2759500.295950,2783559.703157,2893181.787000
cfs,0,250000,0.1,224754,25246,7.422000,806058.399250,1674454.989000,2548463.353250,3060600.768900,3374065.492880,3401357.628068,3406328.165000,1009.295000,800197.167750,1658381.709000,2546463.910500,3065563.267000,3374449.777900,3402906.632775,3420642.901000
cfs,0,275000,0.1,247644,27356,6.649000,907704.161250,1812952.921500,2742018.122000,3279048.851300,3621773.150880,3654658.540215,3695123.633000,1012.920000,899834.172500,1802296.094000,2735894.801250,3278724.564000,3621922.545700,3656306.236015,3667134.649000
cfs,0,300000,0.1,269608,30392,10.393000,958337.946250,2060867.843500,3134907.256000,3799111.444900,4193837.256240,4228452.548285,4236363.012000,1010.354000,981761.416750,2060067.292000,3138664.431500,3801378.801100,4192096.810110,4229883.264745,4237239.559000
cfs,0,325000,0.1,292818,32182,14.900000,1118925.262250,2288370.331000,3435552.441750,4177717.309300,4587333.160760,4622008.462385,4626443.129000,1007.492000,1125591.225750,2298167.257000,3447754.910000,4176379.145300,4587966.282010,4623562.414674,4647638.816000
cfs,0,350000,0.1,315135,34865,7.888000,1283840.065000,2546396.734000,3676361.712500,4506113.961600,4970978.509860,5016250.737286,5038608.779000,1010.149000,1297184.763000,2558946.256000,3693900.441000,4511039.762000,4974256.434520,5018770.208144,5024771.908000
cfs,0,375000,0.1,337198,37802,12.535000,1358917.325000,2794771.275000,4171778.921000,5004073.961100,5104839.014560,5147794.141136,5153699.992000,1040.728000,1358773.573750,2793001.474000,4181794.161500,5003355.602300,5106699.594560,5150082.793014,5156636.034000
cfs,0,0,0.5,0,0,0.000000,0.000000,0.000000,0.000000,0.000000,0.000000,0.000000,0.000000,0.000000,0.000000,0.000000,0.000000,0.000000,0.000000,0.000000,0.000000
cfs,0,25000,0.5,12404,12596,6.228000,211624.357000,461729.983000,711063.888250,863662.856400,957732.745330,965334.012989,970939.538000,1009.046000,212549.609250,452968.507000,711428.970750,866123.558000,958953.794350,967579.891105,996495.335000
cfs,0,50000,0.5,25015,24985,7.630000,784800.298500,1573111.337000,2314944.902000,2762356.481000,3056591.125440,3084268.223892,3091022.905000,1007.189000,783952.201000,1562320.301000,2323966.448000,2784111.781600,3058573.562800,3084690.283384,3092151.344000
cfs,0,75000,0.5,37372,37628,11.826000,1277425.993250,2597743.598000,3869383.431750,4683888.790500,5027093.582090,5063971.568653,5074031.097000,1015.262000,1310254.595500,2618439.235000,3912159.427250,4700668.542700,5027360.772220,5069217.142016,5084601.059000
orca,0,0,0,0,0,0.000000,0.000000,0.000000,0.000000,0.000000,0.000000,0.000000,0.000000,0.000000,0.000000,0.000000,0.000000,0.000000,0.000000,0.000000,0.000000
orca,0,25000,0,25000,0,4.265000,11.509000,19.876500,45.872500,167.978100,525.753760,1524.341618,5459.811000,0.000000,0.000000,0.000000,0.000000,0.000000,0.000000,0.000000,0.000000
orca,0,50000,0,50000,0,4.871000,11.110000,20.916000,107.390000,348.923400,930.615090,2568.450032,9501.621000,0.000000,0.000000,0.000000,0.000000,0.000000,0.000000,0.000000,0.000000
orca,0,75000,0,75000,0,4.075000,11.490000,20.409000,170.112250,553.053700,2346.929210,3137.949597,12112.460000,0.000000,0.000000,0.000000,0.000000,0.000000,0.000000,0.000000,0.000000
orca,0,100000,0,100000,0,4.770000,13.372000,59.374000,484.141500,1130.860200,2940.211450,8412.653642,11709.449000,0.000000,0.000000,0.000000,0.000000,0.000000,0.000000,0.000000,0.000000
orca,0,125000,0,125000,0,4.672000,14.544750,78.393500,629.243750,1705.390600,9881.009030,11544.490542,16084.703000,0.000000,0.000000,0.000000,0.000000,0.000000,0.000000,0.000000,0.000000
orca,0,150000,0,150000,0,4.620000,14.661000,48.118500,552.409250,1560.639900,5327.248250,6821.312102,17700.548000,0.000000,0.000000,0.000000,0.000000,0.000000,0.000000,0.000000,0.000000
orca,0,175000,0,175000,0,4.135000,16.269000,55.791500,618.370000,1702.522600,4927.318210,7117.327901,13136.771000,0.000000,0.000000,0.000000,0.000000,0.000000,0.000000,0.000000,0.000000
orca,0,200000,0,200000,0,4.125000,19.247000,175.137000,1125.292500,2416.166200,4415.352690,5676.483404,20431.301000,0.000000,0.000000,0.000000,0.000000,0.000000,0.000000,0.000000,0.000000
orca,0,225000,0,225000,0,3.940000,23.507750,303.166500,1390.698500,3925.689100,11563.310890,13493.778624,32110.543000,0.000000,0.000000,0.000000,0.000000,0.000000,0.000000,0.000000,0.000000
orca,0,250000,0,250000,0,4.078000,30.172750,381.244000,1852.492250,4237.403400,13524.045780,15190.030400,32384.168000,0.000000,0.000000,0.000000,0.000000,0.000000,0.000000,0.000000,0.000000
orca,0,275000,0,275000,0,4.040000,146.056500,923.682500,2828.562500,5518.578900,12531.879640,14452.098033,38502.609000,0.000000,0.000000,0.000000,0.000000,0.000000,0.000000,0.000000,0.000000
orca,0,300000,0,300000,0,3.788000,43.092750,611.412000,2020.306250,4746.181600,9174.401000,10276.732030,31566.579000,0.000000,0.000000,0.000000,0.000000,0.000000,0.000000,0.000000,0.000000
orca,0,325000,0,325000,0,3.801000,196.676000,1187.004500,3452.192000,6095.624800,10487.109680,15539.829041,31499.581000,0.000000,0.000000,0.000000,0.000000,0.000000,0.000000,0.000000,0.000000
orca,0,350000,0,350000,0,4.268000,91.696500,825.417000,2662.262250,5077.946300,10782.599290,12690.944949,41278.086000,0.000000,0.000000,0.000000,0.000000,0.000000,0.000000,0.000000,0.000000
orca,0,375000,0,375000,0,3.655000,236.414250,1277.587000,3190.491250,5663.908200,9724.759300,11554.413084,45544.045000,0.000000,0.000000,0.000000,0.000000,0.000000,0.000000,0.000000,0.000000
orca,0,400000,0,400000,0,4.809000,531.712000,1986.629000,4614.076500,8197.827600,12925.419730,15153.038499,56444.847000,0.000000,0.000000,0.000000,0.000000,0.000000,0.000000,0.000000,0.000000
orca,0,425000,0,425000,0,5.185000,1380.127750,3445.119500,6572.208000,10313.575800,16655.709280,17579.868025,51394.614000,0.000000,0.000000,0.000000,0.000000,0.000000,0.000000,0.000000,0.000000
orca,0,450000,0,450000,0,4.760000,1007.365000,3053.881500,5539.912500,7952.729300,10851.871610,11663.544817,47022.465000,0.000000,0.000000,0.000000,0.000000,0.000000,0.000000,0.000000,0.000000
orca,0,475000,0,475000,0,5.227000,4670.729250,9276.477000,13673.990250,17153.842200,21625.677680,25177.344236,71532.050000,0.000000,0.000000,0.000000,0.000000,0.000000,0.000000,0.000000,0.000000
orca,0,500000,0,500000,0,5.026000,5328.590750,17043.888000,25076.132250,31517.626100,41124.513740,42025.240146,106149.334000,0.000000,0.000000,0.000000,0.000000,0.000000,0.000000,0.000000,0.000000
orca,0,0,0.01,0,0,0.000000,0.000000,0.000000,0.000000,0.000000,0.000000,0.000000,0.000000,0.000000,0.000000,0.000000,0.000000,0.000000,0.000000,0.000000,0.000000
orca,0,25000,0.01,24762,238,4.702000,12.108250,29.217500,94.634250,258.148100,1452.016270,8350.416909,12055.444000,1004.018000,1010.803250,1034.430000,1153.545250,1356.996700,2599.667630,6752.032673,8027.939000
orca,0,50000,0.01,49500,500,4.583000,11.375750,31.556000,215.739750,590.309000,9400.394140,10165.711785,20721.801000,1004.657000,1010.298750,1031.140500,1248.168750,1726.596900,10408.137060,11157.412867,11211.987000
orca,0,75000,0.01,74282,718,4.574000,11.911000,22.871500,183.971000,691.664700,2775.029680,3963.852124,15285.662000,1004.859000,1011.458250,1029.583000,1244.152250,1710.755900,4009.604320,9762.654171,16082.247000
orca,0,100000,0.01,98967,1033,4.531000,13.730000,52.096000,429.547000,1530.297600,3802.629800,4985.874440,17444.947000,1003.915000,1013.441000,1070.674000,1558.076000,2750.244400,5662.130040,13080.589192,14335.205000
orca,0,125000,0.01,123761,1239,4.504000,14.303000,41.861000,492.965000,1605.688000,10462.160600,12848.460240,32011.189000,1003.734000,1013.249000,1047.427000,1515.790000,2696.306600,10386.045320,13656.575152,14102.156000
orca,0,150000,0.01,148582,1418,4.511000,19.664000,180.101500,1138.205500,3173.632500,13521.163730,14934.606654,25045.858000,1003.781000,1019.239250,1225.177500,2179.189750,3986.839900,13855.307740,15995.757425,16007.340000
orca,0,175000,0.01,173259,1741,3.935000,18.696500,94.418000,1041.511000,2645.867200,6992.004880,8353.440936,25623.796000,1003.623000,1020.370000,1157.485000,2280.394000,3825.202000,8474.459800,13802.921700,15475.619000
orca,0,200000,0.01,198037,1963,3.817000,35.340000,779.422000,3500.963000,7146.603800,23716.398960,26039.861856,56264.823000,1003.754000,1034.572000,1852.144000,4775.308000,9021.474200,25997.745640,35459.873296,57799.840000
orca,0,225000,0.01,222732,2268,3.666000,18.959000,78.468500,825.051750,2686.790700,5409.069040,6430.057408,54067.712000,1003.782000,1018.899750,1082.684000,1799.284750,3810.710100,6801.448450,15333.835292,91563.977000
orca,0,250000,0.01,247507,2493,4.414000,62.016000,827.949000,3426.659500,7078.635600,19595.778780,21277.171064,43925.952000,1003.730000,1068.362000,1936.101000,4711.310000,9374.939600,21315.087280,23447.372340,35074.604000
orca,0,275000,0.01,272215,2785,4.476000,104.095500,1093.226000,3346.742500,6018.756800,16412.003980,19239.359990,65965.694000,1004.107000,1108.522000,2086.094000,4401.771000,7197.519600,18681.825080,20638.351264,23819.186000
orca,0,300000,0.01,296954,3046,4.408000,976.589000,3649.400000,6809.449500,9449.590600,15393.299980,17717.153652,74104.340000,1004.423000,1996.868750,4759.213500,7926.798750,10644.359000,17417.694750,23072.447215,30030.386000
orca,0,325000,0.01,321781,3219,4.313000,1318.973000,5289.510000,9932.790000,11622.501000,15342.739000,16157.924000,139244.158000,1003.957000,2351.346500,6688.617000,11127.958000,12803.985000,16663.812380,32109.038516,36042.947000
orca,0,350000,0.01,346448,3552,4.659000,6492.201000,13046.151500,20638.400500,28576.170600,30868.715090,32711.034667,117347.382000,1015.773000,7768.573750,14625.997500,23619.616750,29675.720000,33206.026210,39759.795411,46852.616000
orca,0,375000,0.01,371361,3639,5.233000,21771.310000,35017.661000,41632.471000,44802.316000,52081.449000,53193.551640,115788.447000,1021.604000,22644.300500,35662.860000,42645.971000,46181.487600,53048.841680,57438.102928,73647.685000
orca,0,400000,0.01,395916,4084,6.689000,33622.537500,107934.155000,150981.195500,164214.362500,175741.400900,176378.498695,235103.988000,1178.981000,35185.830500,104721.430500,150343.737250,165053.354600,176819.431000,177642.790504,186764.318000
orca,0,425000,0.01,420817,4183,5.446000,27472.696000,90889.065000,147807.921000,193372.396600,205620.289200,206201.689144,251858.200000,1017.765000,29135.330500,92837.619000,150871.600000,194535.023200,206528.260720,209887.937536,214405.283000
orca,0,450000,0.01,445403,4597,5.398000,71899.498000,126424.151000,198246.893000,239172.979000,257519.640900,260668.573244,325514.888000,1015.166000,72347.950000,128170.752000,202164.054000,240226.511800,258533.362440,261702.847144,279522.737000
orca,0,475000,0.01,470269,4731,5.519000,90398.635000,191578.996000,276036.897000,310674.692600,333911.682640,337768.709144,389461.129000,1036.699000,84631.679500,190395.339000,275027.128500,311438.327000,334948.729500,338456.842940,338957.778000
orca,0,500000,0.01,495012,4988,4.738000,90902.250750,217841.859000,316914.807750,377706.252900,412172.820310,413972.701021,474237.153000,1012.236000,95974.256250,224950.293500,321097.474500,378330.777500,413127.367330,415319.290355,422158.985000
orca,0,0,0.1,0,0,0.000000,0.000000,0.000000,0.000000,0.000000,0.000000,0.000000,0.000000,0.000000,0.000000,0.000000,0.000000,0.000000,0.000000,0.000000,0.000000
orca,0,25000,0.1,22491,2509,4.582000,12.231500,35.982000,1025.619000,2442.020000,5162.695800,5831.405060,12662.775000,1003.730000,1011.189000,1037.912000,2069.820000,3793.173200,6378.594680,11993.971908,16483.524000
orca,0,50000,0.1,45057,4943,4.509000,144.905000,1701.240000,4534.989000,7752.915000,12383.478920,15176.681184,37751.855000,1003.848000,1130.976000,2836.740000,5664.752000,9185.487200,13875.113520,20689.430536,39023.860000
orca,0,75000,0.1,67571,7429,6.211000,50626.716500,84771.234000,137295.825500,158644.025000,173888.569400,174658.921390,418822.794000,1006.540000,51803.657000,85704.302000,138717.739000,159918.979400,174769.612880,175599.567752,191228.067000
orca,0,100000,0.1,89955,10045,5.809000,149470.742000,307812.254000,497160.188500,588587.030800,659439.666540,664743.678776,838908.173000,1013.768000,147852.553000,304900.448000,496570.500000,588926.156800,660250.967440,665724.270376,670929.808000
orca,0,125000,0.1,112715,12285,7.274000,242265.175000,509543.812000,719481.576500,876445.536800,961454.851700,967590.853036,1083922.104000,1014.174000,249246.004000,511085.726000,721953.493000,880451.933600,961336.841720,968403.008588,982773.981000
orca,0,150000,0.1,135123,14877,6.210000,349766.805500,766980.769000,1132201.168000,1331973.566000,1476179.489880,1491373.204036,1494409.305000,1007.626000,347767.783000,772431.716000,1133921.958000,1332547.709600,1475946.840160,1491508.907248,1493186.677000
orca,0,175000,0.1,157481,17519,5.371000,446796.327000,918552.414000,1435768.843000,1700800.510000,1866700.257800,1882449.094800,2019353.925000,1003.883000,441874.109000,907947.950000,1437119.418500,1708462.053400,1869183.826560,1883647.729770,1912374.193000
orca,0,200000,0.1,180206,19794,6.990000,549230.766250,1128422.216000,1699394.994000,2161187.267000,2352126.220350,2368767.358995,2514513.749000,1005.587000,538284.590500,1110826.002000,1684551.965250,2161814.743000,2351566.024780,2369128.539982,2402572.200000
orca,0,225000,0.1,202343,22657,12.674000,702006.203000,1417884.112000,2070442.773500,2487484.135600,2742107.313320,2767857.459040,2844038.274000,1009.649000,706179.758000,1410455.778000,2063431.378000,2481588.347800,2742820.509520,2768277.003296,2777815.219000
orca,0,250000,0.1,225101,24899,52.671000,841550.799000,1704973.218000,2548096.231000,3069554.429000,3350750.781000,3378517.962200,3516812.694000,1054.465000,834298.238000,1703708.785000,2547651.406000,3067418.342000,3352638.539680,3380518.916730,3532773.281000
orca,0,275000,0.1,247262,27738,12.181000,943645.889500,1942430.330500,3056814.004750,3661598.027100,4110174.679180,4149697.113287,4204564.493000,1015.711000,955289.133250,1953771.337500,3049505.838250,3659986.241100,4114201.969740,4150953.625793,4185715.474000
orca,0,300000,0.1,269831,30169,11.997000,1101436.809500,2115001.001000,3164476.349000,3784805.292000,4149465.126800,4186957.252510,4348296.895000,1038.430000,1084386.399000,2103700.153000,3163667.761000,3791027.299000,4152109.546560,4188053.981968,4351119.387000
orca,0,325000,0.1,292480,32520,20.383000,1164358.664250,2341061.841500,3572526.568000,4645120.663200,5033869.809940,5074060.277633,5137096.831000,1024.811000,1167606.844750,2362596.658000,3592112.494250,4650613.746500,5032357.701580,5075547.112056,5164273.229000
orca,0,0,0.5,0,0,0.000000,0.000000,0.000000,0.000000,0.000000,0.000000,0.000000,0.000000,0.000000,0.000000,0.000000,0.000000,0.000000,0.000000,0.000000,0.000000
orca,0,25000,0.5,12488,12512,6.884000,43740.315000,105855.429000,161001.852750,248981.671100,274052.116720,278754.374712,279530.738000,1007.377000,46410.279500,109382.513000,166494.368250,252330.865000,277742.660710,281062.855817,287505.849000
orca,0,50000,0.5,24887,25113,13.504000,495304.904000,990453.280000,1413497.450500,1650654.465200,1823898.101480,1849039.497264,1854993.847000,1075.758000,488512.734000,989732.478000,1412989.975000,1653311.292000,1826400.218040,1852939.926288,1856622.760000
orca,0,75000,0.5,37494,37506,43.758000,1069078.938750,2657725.155500,4171450.935500,5006481.441200,5109733.929860,5143365.445853,5157956.902000,1037.423000,1064939.286000,2655484.487000,4123598.685500,5004180.772500,5113002.530650,5145690.958615,5161857.331000
