sched_type,preemption_interval_us,throughput,proportion_long_jobs,num_short,num_long,short_0_pct,short_25_pct,short_50_pct,short_75_pct,short_90_pct,short_99_pct,short_99.9_pct,short_100_pct,long_0_pct,long_25_pct,long_50_pct,long_75_pct,long_90_pct,long_99_pct,long_99.9_pct,long_100_pct
dFCFS,0,0,0,0,0,0.000000,0.000000,0.000000,0.000000,0.000000,0.000000,0.000000,0.000000,0.000000,0.000000,0.000000,0.000000,0.000000,0.000000,0.000000,0.000000
dFCFS,0,25000,0,25000,0,5.348000,11.943750,31.086000,63.193250,207.036500,817.974580,2596.100881,8096.037000,0.000000,0.000000,0.000000,0.000000,0.000000,0.000000,0.000000,0.000000
dFCFS,0,50000,0,50000,0,4.222000,11.248000,29.817000,188.321000,459.278700,2157.003570,5760.191605,16050.931000,0.000000,0.000000,0.000000,0.000000,0.000000,0.000000,0.000000,0.000000
dFCFS,0,75000,0,75000,0,3.827000,12.307750,44.385500,279.456250,679.239800,6258.418580,7259.832698,13959.609000,0.000000,0.000000,0.000000,0.000000,0.000000,0.000000,0.000000,0.000000
dFCFS,0,100000,0,100000,0,4.390000,12.362000,40.762500,361.472750,966.058400,2850.681290,7287.906541,26773.161000,0.000000,0.000000,0.000000,0.000000,0.000000,0.000000,0.000000,0.000000
dFCFS,0,125000,0,125000,0,4.201000,13.134000,32.535500,367.441000,1083.363200,2834.796790,5853.077262,22804.960000,0.000000,0.000000,0.000000,0.000000,0.000000,0.000000,0.000000,0.000000
dFCFS,0,150000,0,150000,0,4.120000,14.540750,44.093500,517.442750,1633.736200,5764.683540,6619.799172,22328.375000,0.000000,0.000000,0.000000,0.000000,0.000000,0.000000,0.000000,0.000000
dFCFS,0,175000,0,175000,0,4.097000,17.185750,94.694500,706.469750,1775.760700,6127.048010,9087.207365,13631.252000,0.000000,0.000000,0.000000,0.000000,0.000000,0.000000,0.000000,0.000000
dFCFS,0,200000,0,200000,0,3.911000,22.173000,224.346500,1148.334250,2771.509500,7656.753170,10239.458952,24113.792000,0.000000,0.000000,0.000000,0.000000,0.000000,0.000000,0.000000,0.000000
dFCFS,0,225000,0,225000,0,4.504000,28.120500,388.684000,1658.936500,3632.236700,12977.702600,16705.203262,27355.595000,0.000000,0.000000,0.000000,0.000000,0.000000,0.000000,0.000000,0.000000
dFCFS,0,250000,0,250000,0,4.583000,24.857000,260.995500,1358.006500,3498.866400,11459.906710,13678.985648,20705.845000,0.000000,0.000000,0.000000,0.000000,0.000000,0.000000,0.000000,0.000000
dFCFS,0,275000,0,275000,0,4.267000,32.990750,411.872000,1591.213500,3386.156300,7723.111920,9015.139719,23071.388000,0.000000,0.000000,0.000000,0.000000,0.000000,0.000000,0.000000,0.000000
dFCFS,0,300000,0,300000,0,3.902000,44.145000,644.908500,2135.089250,3728.139000,6373.122280,8154.456112,22015.784000,0.000000,0.000000,0.000000,0.000000,0.000000,0.000000,0.000000,0.000000
dFCFS,0,325000,0,325000,0,3.866000,106.507500,1178.785000,3450.020250,5736.245900,10185.259900,12347.435385,40089.603000,0.000000,0.000000,0.000000,0.000000,0.000000,0.000000,0.000000,0.000000
dFCFS,0,350000,0,350000,0,4.450000,285.666250,1622.289000,4856.747750,7972.659900,14722.898220,17755.199177,35216.290000,0.000000,0.000000,0.000000,0.000000,0.000000,0.000000,0.000000,0.000000
dFCFS,0,375000,0,375000,0,3.791000,409.712250,1818.267000,4862.888000,10592.757900,19713.909280,21620.184095,48254.302000,0.000000,0.000000,0.000000,0.000000,0.000000,0.000000,0.000000,0.000000
dFCFS,0,400000,0,400000,0,3.942000,334.983750,1955.372000,5054.439250,10286.426300,17036.955230,18727.686982,56352.870000,0.000000,0.000000,0.000000,0.000000,0.000000,0.000000,0.000000,0.000000
dFCFS,0,425000,0,425000,0,4.798000,168.923500,1237.470500,3484.336500,6253.174300,9627.363540,10395.838046,55169.723000,0.000000,0.000000,0.000000,0.000000,0.000000,0.000000,0.000000,0.000000
dFCFS,0,450000,0,450000,0,4.828000,791.150500,3688.225000,7835.233250,11079.449200,14380.137710,15203.139150,68490.022000,0.000000,0.000000,0.000000,0.000000,0.000000,0.000000,0.000000,0.000000
dFCFS,0,475000,0,475000,0,3.890000,1351.065500,3900.231000,6919.540750,10221.071400,13198.704100,13757.338003,74299.867000,0.000000,0.000000,0.000000,0.000000,0.000000,0.000000,0.000000,0.000000
dFCFS,0,500000,0,500000,0,5.159000,5348.644750,8934.420000,21484.150250,32954.237900,40582.253550,41899.139123,96412.204000,0.000000,0.000000,0.000000,0.000000,0.000000,0.000000,0.000000,0.000000
dFCFS,0,0,0.01,0,0,0.000000,0.000000,0.000000,0.000000,0.000000,0.000000,0.000000,0.000000,0.000000,0.000000,0.000000,0.000000,0.000000,0.000000,0.000000,0.000000
dFCFS,0,25000,0.01,24744,256,3.983000,11.495000,16.800000,46.146250,169.583400,1040.949280,2242.313755,4779.779000,1005.405000,1011.374750,1015.808000,1047.962000,1227.471000,3627.909150,11557.485865,13719.574000
dFCFS,0,50000,0.01,49488,512,4.599000,10.555000,19.254500,130.834750,520.624700,5556.376060,6556.093493,11978.959000,1004.695000,1009.776000,1021.267500,1155.227750,1559.461100,6804.643340,7849.665465,8104.238000
dFCFS,0,75000,0.01,74233,767,3.838000,12.706000,48.103000,495.032000,1776.086800,5046.033520,6704.619360,20734.574000,1003.774000,1012.365000,1056.626000,1555.703000,2822.100600,6254.442900,8513.286740,9473.935000
dFCFS,0,100000,0.01,99020,980,3.893000,13.666000,51.637000,471.119000,1697.839400,13336.027300,15424.278325,16917.817000,1004.457000,1012.840500,1056.530000,1512.441750,2847.597800,14476.110770,16551.317887,16747.066000
dFCFS,0,125000,0.01,123753,1247,4.312000,16.421000,120.967000,960.949000,3111.278800,13970.987560,15108.552312,27526.425000,1003.684000,1015.394500,1144.628000,2177.785000,4860.469600,14966.299060,19049.407734,22535.719000
dFCFS,0,150000,0.01,148519,1481,4.335000,17.211500,90.288000,930.770000,2393.022000,5871.045840,7470.869954,16378.828000,1003.744000,1016.581000,1130.998000,2085.391000,3727.765000,7640.086200,12077.844040,14611.722000
dFCFS,0,175000,0.01,173209,1791,4.499000,21.660000,226.802000,1608.148000,3718.244400,7209.777880,8403.695872,34051.848000,1004.034000,1022.142000,1285.241000,2708.290000,4722.911000,8373.551900,10383.010030,12650.861000
dFCFS,0,200000,0.01,197926,2074,4.464000,22.546250,170.084000,1262.598750,3184.799500,8348.489750,9252.998725,22329.713000,1003.630000,1021.571500,1207.526000,2403.078500,4475.621100,9989.032120,12955.159750,22977.494000
dFCFS,0,225000,0.01,222822,2178,4.331000,29.664000,408.530000,1883.891000,4110.275600,12432.953430,15016.580654,49366.231000,1004.024000,1028.689000,1406.101500,2797.567750,4973.995400,13263.930920,15620.992146,29858.412000
dFCFS,0,250000,0.01,247485,2515,3.825000,106.802000,1977.047000,6974.461000,12655.786400,23999.267680,26649.694036,89112.413000,1003.636000,1153.392000,3257.981000,8303.965500,14174.267400,25138.338540,27784.269500,36116.772000
dFCFS,0,275000,0.01,272246,2754,4.529000,249.663250,1719.898000,4132.618750,7241.122500,10702.763850,13351.561960,61614.028000,1003.946000,1302.665250,2889.190500,5183.187750,8191.573700,11997.575860,19582.586272,21982.671000
dFCFS,0,300000,0.01,297037,2963,4.485000,1067.348000,4273.288000,8690.200000,12293.723600,23950.126680,25204.905876,60073.516000,1004.632000,2128.630000,5300.839000,9756.375500,13712.017600,25016.339020,31776.583466,53517.029000
dFCFS,0,325000,0.01,321736,3264,4.403000,407.345250,2108.014000,5162.408250,10116.485500,13410.598150,14298.983880,81593.449000,1003.604000,1441.983750,3250.596000,6621.830500,11524.946000,15123.514960,23180.898359,24713.213000
dFCFS,0,350000,0.01,346489,3511,4.793000,6451.395000,9196.989000,18114.777000,22353.907200,25208.614520,25680.123792,127923.556000,1009.826000,7444.836500,10201.386000,18994.601000,23287.050000,26373.877800,37928.224070,42414.346000
dFCFS,0,375000,0.01,371218,3782,4.585000,25850.145000,58830.122000,64217.493000,75239.649500,79682.430360,80684.416039,145401.239000,1004.980000,27033.421500,59684.446500,65961.921500,76265.350200,80869.147250,87517.836758,92241.775000
dFCFS,0,400000,0.01,395967,4033,5.021000,54395.606500,76360.034000,105731.102000,125158.677200,132034.479920,132640.790972,183411.672000,1010.657000,54893.388000,77788.200000,106846.295000,126039.653800,133272.261720,140029.211960,142017.096000
dFCFS,0,425000,0.01,420684,4316,12.551000,62181.693000,113160.677500,154175.791750,174616.664600,191987.632620,195037.075411,215211.887000,1126.814000,64653.864250,114622.656500,155203.296750,176361.021500,194229.944050,196643.352475,213495.888000
dFCFS,0,450000,0.01,445546,4454,8.192000,72286.127500,124063.096000,194339.598500,232154.522000,247556.459550,248501.210290,305858.200000,1035.854000,70326.915750,125049.820000,195079.946250,232911.633700,248334.939930,251523.217786,266221.149000
dFCFS,0,475000,0.01,470359,4641,5.736000,92083.198500,157249.709000,230817.236500,271738.603200,296045.917680,300509.571454,337356.182000,1010.549000,90767.067000,157883.564000,231937.188000,272869.284000,297814.707200,301725.823720,307389.433000
dFCFS,0,500000,0.01,495036,4964,10.389000,94437.090000,193660.851000,291705.454500,319744.652500,355428.309550,359668.389505,427261.440000,1048.156000,95446.931500,188707.443000,290786.354250,325283.179800,356378.951160,360034.295275,363139.384000
dFCFS,0,0,0.1,0,0,0.000000,0.000000,0.000000,0.000000,0.000000,0.000000,0.000000,0.000000,0.000000,0.000000,0.000000,0.000000,0.000000,0.000000,0.000000,0.000000
dFCFS,0,25000,0.1,22581,2419,4.584000,12.851000,35.235000,513.066000,1760.250000,4391.209400,6124.374540,12379.809000,1003.661000,1012.110500,1036.601000,1606.916000,3008.673200,5440.932100,8883.595578,12054.904000
dFCFS,0,50000,0.1,45066,4934,4.425000,218.190250,2077.642500,4812.528750,9447.024500,19027.359900,20383.793200,47454.055000,1003.684000,1205.753750,3073.897000,5848.154750,11152.164700,20102.591400,23424.189441,38538.619000
dFCFS,0,75000,0.1,67537,7463,6.694000,61989.352000,106725.914000,166351.648000,285512.364800,360782.823520,362468.355920,518558.218000,1007.232000,62862.112500,107329.188000,165718.839500,284373.205400,361747.587600,363494.101340,382406.275000
dFCFS,0,100000,0.1,89984,10016,9.807000,159485.489750,322153.513500,466446.594250,550676.977100,604444.276070,606837.300221,609197.141000,1015.326000,160255.545250,317018.350000,466886.536500,551480.689500,603932.269300,607771.016000,617319.355000
dFCFS,0,125000,0.1,112451,12549,7.255000,267316.826500,521376.178000,756606.871500,955658.483000,1039643.251000,1047869.262500,1185237.158000,1008.559000,263450.964000,520800.654000,758347.445000,955890.196600,1040363.201160,1048732.066180,1062221.289000
dFCFS,0,150000,0.1,134974,15026,6.404000,350101.258500,707404.447000,1093336.813000,1279747.045900,1395984.192130,1407779.189762,1654730.877000,1005.860000,352448.839000,706176.527000,1083694.923750,1277736.614000,1397198.475750,1409330.960500,1457230.729000
dFCFS,0,175000,0.1,157556,17444,9.594000,451290.701250,888051.239500,1504125.427000,1811625.339500,1979705.395700,1994283.984330,2151816.502000,1004.993000,452396.166750,889494.564000,1511546.384250,1821936.079800,1981301.790750,1996516.253662,2001933.178000
dFCFS,0,200000,0.1,180326,19674,7.117000,556327.634000,1091252.843500,1616287.684750,1938086.228500,2118367.655750,2139234.121850,2292316.607000,1006.751000,542932.023000,1075847.250500,1604804.382750,1936541.170500,2121507.788520,2140331.576002,2290229.713000
dFCFS,0,225000,0.1,202643,22357,8.610000,664622.327500,1299708.895000,2024328.341500,2407968.940600,2639454.980300,2660031.424792,2771709.995000,1013.455000,671418.163000,1304329.214000,2030332.365000,2414493.730000,2638683.441600,2660220.711772,2662859.822000
dFCFS,0,250000,0.1,225285,24715,8.198000,737526.066000,1512756.989000,2257232.948000,2729071.315200,2982375.520680,3013747.809268,3020049.006000,1012.943000,740262.086000,1519141.723000,2256522.057500,2727241.451200,2983311.401580,3015560.455634,3020819.940000
dFCFS,0,275000,0.1,247292,27708,12.608000,864402.428000,1703630.317000,2605933.128500,3095417.627400,3402497.796600,3435288.675372,3492590.424000,1012.748000,860200.896250,1703632.329500,2598785.217750,3091662.813500,3405867.044020,3436119.067907,3504303.249000
dFCFS,0,300000,0.1,270078,29922,9.687000,976625.824500,1887108.978000,2816308.944000,3375570.134200,3705582.104900,3727438.196736,3857718.119000,1026.662000,960446.246250,1879017.003500,2816157.698000,3376535.108500,3707692.332450,3728049.122955,3734331.025000
dFCFS,0,325000,0.1,292467,32533,11.454000,1080637.204500,2265925.706000,3286060.136500,3894710.643200,4267865.803060,4304782.455894,4459608.215000,1021.653000,1061116.263000,2246033.681000,3269289.418000,3884211.262000,4268434.621920,4307155.871988,4318887.108000
dFCFS,0,350000,0.1,314880,35120,14.542000,1215974.898250,2352149.391000,3646674.083000,4323509.585900,4742545.408370,4781066.335048,4878721.815000,1111.754000,1200767.447000,2335690.298000,3646660.720750,4320181.627300,4742686.684730,4782132.678065,4788010.661000
dFCFS,0,375000,0.1,337401,37599,17.169000,1259083.722000,2540629.552000,3800306.784000,4578689.311000,5049315.238000,5092992.783400,5159065.031000,1012.313000,1266465.056000,2550344.803000,3807476.815000,4577368.497600,5050771.976800,5094162.271776,5101480.391000
dFCFS,0,0,0.5,0,0,0.000000,0.000000,0.000000,0.000000,0.000000,0.000000,0.000000,0.000000,0.000000,0.000000,0.000000,0.000000,0.000000,0.000000,0.000000,0.000000
dFCFS,0,25000,0.5,12616,12384,19.526000,204656.441000,419130.212000,634492.737000,770844.761000,838219.040850,844548.022840,1003926.225000,1010.930000,208065.888500,423327.518000,636404.962250,766768.085900,837829.203900,845109.175621,857576.189000
dFCFS,0,50000,0.5,24917,25083,13.753000,682622.521000,1370609.615000,2038235.302000,2433833.659600,2673736.491720,2696462.534580,2698448.933000,1011.979000,680514.299500,1367312.576000,2024447.722500,2429219.715200,2673882.911800,2697334.497770,3683559.664000
dFCFS,0,75000,0.5,37338,37662,29.479000,1150659.854000,2287935.901000,3579995.139250,4233103.374100,4700204.538530,4737165.744986,4894015.013000,1131.044000,1167223.088750,2311269.074500,3615701.162250,4244987.962800,4698176.102550,4738390.111839,4894684.008000
dFCFS,0,100000,0.5,49881,50119,20.696000,1613668.240000,3203264.903000,4803274.713000,5102789.535000,5180109.754200,5224448.885880,5534918.387000,1019.436000,1607905.003500,3181131.923000,4803285.907000,5102803.646800,5180458.348320,5225312.081708,5335469.960000
cFCFS,500,0,0,0,0,0.000000,0.000000,0.000000,0.000000,0.000000,0.000000,0.000000,0.000000,0.000000,0.000000,0.000000,0.000000,0.000000,0.000000,0.000000,0.000000
cFCFS,500,25000,0,25000,0,3.924000,10.745750,13.266500,18.469500,35.687300,211.857550,698.041980,3202.037000,0.000000,0.000000,0.000000,0.000000,0.000000,0.000000,0.000000,0.000000
cFCFS,500,50000,0,50000,0,4.113000,11.012000,14.715500,24.868000,63.382500,1246.257750,2745.338823,10937.646000,0.000000,0.000000,0.000000,0.000000,0.000000,0.000000,0.000000,0.000000
cFCFS,500,75000,0,75000,0,4.066000,11.102750,15.092000,24.066500,46.395300,386.592660,1564.574054,2737.129000,0.000000,0.000000,0.000000,0.000000,0.000000,0.000000,0.000000,0.000000
cFCFS,500,100000,0,100000,0,3.704000,12.146750,18.027000,33.634250,75.022100,389.799080,1232.753831,3947.587000,0.000000,0.000000,0.000000,0.000000,0.000000,0.000000,0.000000,0.000000
cFCFS,500,125000,0,125000,0,3.738000,13.075000,20.471500,38.029250,82.352000,738.700420,5488.715050,8386.727000,0.000000,0.000000,0.000000,0.000000,0.000000,0.000000,0.000000,0.000000
cFCFS,500,150000,0,150000,0,3.731000,13.687000,21.928000,42.705500,90.037100,476.191710,1154.826175,6289.440000,0.000000,0.000000,0.000000,0.000000,0.000000,0.000000,0.000000,0.000000
cFCFS,500,175000,0,175000,0,3.806000,15.182000,27.421500,64.096750,146.676400,748.841110,1306.722288,8047.443000,0.000000,0.000000,0.000000,0.000000,0.000000,0.000000,0.000000,0.000000
cFCFS,500,200000,0,200000,0,3.922000,17.282750,34.709000,100.791000,286.754600,3010.124680,5573.193130,8053.488000,0.000000,0.000000,0.000000,0.000000,0.000000,0.000000,0.000000,0.000000
cFCFS,500,225000,0,225000,0,3.935000,18.654000,41.370500,149.958250,522.041400,2381.008780,2965.761536,9768.038000,0.000000,0.000000,0.000000,0.000000,0.000000,0.000000,0.000000,0.000000
cFCFS,500,250000,0,250000,0,3.684000,19.218000,40.229000,145.523250,365.219900,2673.320070,5188.095480,7999.355000,0.000000,0.000000,0.000000,0.000000,0.000000,0.000000,0.000000,0.000000
cFCFS,500,275000,0,275000,0,3.751000,20.682000,46.861500,197.279250,637.293200,6034.016790,8468.223033,11745.375000,0.000000,0.000000,0.000000,0.000000,0.000000,0.000000,0.000000,0.000000
cFCFS,500,300000,0,300000,0,3.663000,24.398000,80.725000,331.413250,1151.732500,5019.668350,6109.255792,11266.393000,0.000000,0.000000,0.000000,0.000000,0.000000,0.000000,0.000000,0.000000
cFCFS,500,325000,0,325000,0,3.812000,30.052000,124.143500,414.863000,1761.495800,7049.334440,8473.414103,14258.412000,0.000000,0.000000,0.000000,0.000000,0.000000,0.000000,0.000000,0.000000
cFCFS,500,350000,0,350000,0,4.023000,30.446000,130.175500,434.340500,1239.981100,7071.176370,8410.915315,15394.964000,0.000000,0.000000,0.000000,0.000000,0.000000,0.000000,0.000000,0.000000
cFCFS,500,375000,0,375000,0,4.304000,31.930000,129.352500,384.066500,727.943200,2156.622180,3324.623024,12303.138000,0.000000,0.000000,0.000000,0.000000,0.000000,0.000000,0.000000,0.000000
cFCFS,500,400000,0,400000,0,4.690000,37.671000,151.117000,457.189750,1230.640400,4925.292870,5985.556953,13117.672000,0.000000,0.000000,0.000000,0.000000,0.000000,0.000000,0.000000,0.000000
cFCFS,500,425000,0,425000,0,4.714000,65.751750,289.072000,645.384250,1182.710800,4293.800070,5804.048456,12856.796000,0.000000,0.000000,0.000000,0.000000,0.000000,0.000000,0.000000,0.000000
cFCFS,500,450000,0,450000,0,4.772000,164.700250,468.765000,1099.755250,2117.453500,5450.858950,6581.218259,13705.850000,0.000000,0.000000,0.000000,0.000000,0.000000,0.000000,0.000000,0.000000
cFCFS,500,475000,0,475000,0,4.625000,234.414750,696.236000,1875.496000,8142.955300,17000.136260,18904.549767,25586.730000,0.000000,0.000000,0.000000,0.000000,0.000000,0.000000,0.000000,0.000000
cFCFS,500,500000,0,500000,0,3.863000,354.547750,906.741000,2068.004750,8134.174200,14865.185680,15618.277010,22823.864000,0.000000,0.000000,0.000000,0.000000,0.000000,0.000000,0.000000,0.000000
cFCFS,500,0,0.01,0,0,0.000000,0.000000,0.000000,0.000000,0.000000,0.000000,0.000000,0.000000,0.000000,0.000000,0.000000,0.000000,0.000000,0.000000,0.000000,0.000000
cFCFS,500,25000,0.01,24734,266,4.176000,10.833000,13.309000,18.650000,34.127300,205.075000,746.166476,9026.374000,1003.075000,1010.077500,1012.765000,1025.267500,1072.781500,1529.522550,2423.622225,2732.277000
cFCFS,500,50000,0.01,49519,481,4.405000,10.695000,13.959000,22.964000,44.609600,457.522660,2453.912818,5908.345000,1004.663000,1009.954000,1013.100000,1024.518000,1073.747000,1444.278600,1960.839480,2054.883000
cFCFS,500,75000,0.01,74271,729,3.802000,11.666000,17.175000,34.010000,78.324000,404.914900,1235.701890,4584.655000,1004.506000,1011.441000,1019.558000,1051.121000,1141.218000,1589.608400,2096.248568,2165.204000
cFCFS,500,100000,0.01,98977,1023,3.698000,14.525000,28.464000,83.052000,227.795000,1686.657960,4977.306400,11708.620000,1003.970000,1015.415000,1040.817000,1148.891500,1506.000200,4184.288660,6585.221134,7151.720000
cFCFS,500,125000,0.01,123704,1296,4.060000,14.634000,26.432000,65.882000,141.904100,464.349440,1005.300999,5200.455000,1004.096000,1015.322250,1035.162000,1107.151750,1247.172000,1749.859400,2178.372090,2532.921000
cFCFS,500,150000,0.01,148546,1454,3.768000,15.349000,28.643500,77.471000,159.937500,501.319100,1277.193555,6357.727000,1003.838000,1015.723250,1036.926500,1120.423000,1280.486900,1924.125950,2466.914965,2880.696000
cFCFS,500,175000,0.01,173292,1708,4.403000,19.326750,47.118500,145.461250,457.274000,4098.190120,6023.116033,10288.379000,1003.835000,1021.607750,1069.651500,1233.124250,1807.322600,5713.707680,7742.632242,8199.646000
cFCFS,500,200000,0.01,198094,1906,4.452000,22.219000,59.902000,175.166250,362.733000,1400.241870,2920.833274,7265.867000,1003.375000,1028.172750,1110.047000,1286.715750,1589.461000,3101.383350,4262.434635,4447.193000
cFCFS,500,225000,0.01,222696,2304,4.528000,24.918000,78.595500,221.062750,421.997000,1100.289700,1875.531425,6354.865000,1003.696000,1032.012750,1143.472500,1398.946250,1783.793400,3007.769870,5447.272379,7287.946000
cFCFS,500,250000,0.01,247499,2501,4.340000,25.446000,89.290000,296.685000,597.622600,1694.333180,2532.866934,8043.650000,1004.552000,1035.228000,1190.221000,1537.885000,2068.797000,3760.110000,5424.935000,9346.142000
cFCFS,500,275000,0.01,272226,2774,4.035000,31.658250,156.532000,488.062250,981.294000,2199.804500,3062.610775,6794.709000,1004.076000,1076.003500,1338.436000,1881.651750,2598.221100,4525.128370,8348.015832,8752.178000
cFCFS,500,300000,0.01,296938,3062,4.488000,34.988000,173.707000,539.401250,1098.155000,3329.498760,6830.633343,9623.970000,1004.365000,1086.432500,1395.625000,2027.472500,2879.188600,5875.317340,8471.314653,9404.799000
cFCFS,500,325000,0.01,321730,3270,4.032000,164.995750,577.495000,1390.100250,3227.080100,8944.425780,9633.044349,14137.945000,1003.705000,1397.404000,2023.902000,3174.495750,5218.073900,10775.027610,13697.998597,15244.421000
cFCFS,500,350000,0.01,346457,3543,4.543000,174.201000,809.242000,2526.909000,17590.239200,27272.970520,27574.112400,33590.221000,1003.759000,1525.384000,2522.321000,4478.758000,19203.399200,28754.805120,30687.570350,33247.440000
cFCFS,500,375000,0.01,371301,3699,4.486000,326.452000,921.232000,1674.136000,2816.976000,9081.609000,9651.072900,12488.546000,1003.660000,1725.497000,2492.953000,3456.338500,4755.177400,10540.726520,11742.920934,12032.846000
cFCFS,500,400000,0.01,395982,4018,4.533000,1122.064750,1919.902500,3477.713250,5097.991600,7537.119380,8068.268114,12657.295000,1005.941000,2711.807000,3721.070000,5575.820000,7068.326800,9757.382430,13474.133496,18626.749000
cFCFS,500,425000,0.01,420778,4222,4.931000,5155.723750,14911.325000,18704.817500,20976.012500,23460.185720,23962.826057,28523.140000,1019.249000,7602.455750,16660.157500,20539.324500,22792.164500,25205.481300,27554.559594,35039.244000
cFCFS,500,450000,0.01,445571,4429,11.085000,16159.919500,31080.304000,49023.273000,58810.054000,62322.306300,62786.428190,68416.586000,1174.146000,17960.856000,32759.210000,50670.106000,60176.647200,64026.020080,64911.746124,71331.154000
cFCFS,500,475000,0.01,470263,4737,9.167000,37251.913500,81051.280000,111684.230500,131007.188000,143840.066500,144057.322884,150851.500000,1030.252000,38481.622000,83173.915000,112815.206000,132505.404600,145423.449920,146273.850992,147458.333000
cFCFS,500,500000,0.01,495047,4953,5.556000,39625.438500,75544.862000,112895.751000,137445.917800,144483.499100,145731.981550,150434.031000,1015.736000,42860.581000,78936.818000,115038.161000,139168.864000,146467.437120,147935.982504,150218.974000
cFCFS,500,0,0.1,0,0,0.000000,0.000000,0.000000,0.000000,0.000000,0.000000,0.000000,0.000000,0.000000,0.000000,0.000000,0.000000,0.000000,0.000000,0.000000,0.000000
cFCFS,500,25000,0.1,22445,2555,4.726000,10.926000,15.838000,28.780000,55.034800,560.563400,1523.529104,2669.008000,1004.113000,1010.815000,1018.178000,1047.319500,1178.860400,2101.949360,3923.999924,7056.408000
cFCFS,500,50000,0.1,45120,4880,4.548000,13.934750,34.512000,121.059500,444.946600,2049.273010,3676.979440,5419.174000,1003.922000,1018.889000,1073.136500,1340.805000,1750.809000,3929.577670,6047.349381,17234.326000
cFCFS,500,75000,0.1,67485,7515,4.616000,57.841000,311.359000,899.200000,3366.833600,13690.760560,15562.298856,16517.155000,1003.935000,1160.346500,1520.237000,2264.344000,5083.609200,15221.789600,18112.012502,38402.201000
cFCFS,500,100000,0.1,89874,10126,6.237000,12520.462000,15726.597000,20088.435500,22529.510100,24993.930950,25477.290729,29130.858000,1007.860000,13863.577250,17173.776000,21402.103750,23957.312500,26472.950250,30672.152000,38435.267000
cFCFS,500,125000,0.1,112530,12470,7.459000,70546.032250,145554.830000,238627.624250,271019.485900,281946.702290,286071.614628,288503.947000,1010.136000,71773.486000,146347.059000,238329.415500,272230.922300,283384.184460,287072.200742,289836.634000
cFCFS,500,150000,0.1,134889,15111,8.128000,147067.273000,262941.988000,422168.745000,515115.593400,555507.227680,558304.453704,560897.802000,1017.970000,145245.390500,273363.464000,425465.835500,516226.288000,556743.105900,559492.035990,560264.638000
cFCFS,500,175000,0.1,157580,17420,9.445000,237501.495250,457902.798000,701668.483500,815122.097200,882062.855910,886006.198072,887353.238000,1015.296000,235461.133000,454646.864000,695412.404750,814455.649200,883095.387380,887438.293165,890141.041000
cFCFS,500,200000,0.1,179912,20088,13.098000,264560.721250,536810.900000,810972.721250,978407.763300,1082296.310880,1108460.066302,1111675.829000,1029.131000,273784.662000,540889.216000,815216.736250,981069.087600,1090457.707900,1109531.378011,1110557.700000
cFCFS,500,225000,0.1,202523,22477,5.578000,353022.983000,660655.086000,1009524.489500,1193863.422000,1301779.507820,1311143.078040,1314048.429000,1040.069000,352930.679000,665192.048000,1015419.592000,1198264.195400,1303350.920840,1312313.148896,1314402.800000
cFCFS,500,250000,0.1,225063,24937,6.186000,385236.843000,803748.091000,1171214.384500,1397423.786000,1525706.347480,1547462.530186,1559124.045000,1006.507000,382390.732000,800571.245000,1168504.204000,1395989.554000,1527526.982160,1548844.099728,1557584.642000
cFCFS,500,275000,0.1,247226,27774,5.889000,459285.719250,926824.262500,1365977.778000,1632751.841500,1795758.042500,1810021.561100,1813033.973000,1030.249000,465835.050250,929784.516500,1377508.508500,1634292.552900,1797015.167650,1812198.855225,1817695.451000
cFCFS,500,300000,0.1,269950,30050,12.927000,544779.827500,1061808.051000,1521323.277250,1828744.917400,2000355.283320,2020343.266272,2024444.072000,1094.490000,545055.602750,1056409.389000,1523727.106750,1828815.851800,2001074.969400,2021779.313392,2023362.219000
cFCFS,500,325000,0.1,292674,32326,10.877000,564908.353250,1168587.765500,1810224.166000,2196502.543300,2401509.789060,2419154.918087,2421804.194000,1019.048000,574062.714250,1176821.990500,1813284.325000,2196138.149000,2401284.410000,2420481.356350,2422924.064000
cFCFS,500,350000,0.1,315048,34952,7.499000,659608.737500,1286734.264500,2030092.240500,2440537.491500,2673604.891650,2699781.123187,2704238.680000,1098.301000,659590.262000,1294688.269000,2027458.385000,2439791.771500,2675738.687750,2700784.585155,2704515.308000
cFCFS,500,375000,0.1,337328,37672,14.887000,708452.332000,1414720.433000,2144908.204250,2633010.839500,2898513.314980,2921175.815233,2926176.190000,1058.474000,715348.004500,1419767.323500,2143046.011750,2634632.911000,2900329.575150,2923249.233049,2934782.389000
cFCFS,500,400000,0.1,359841,40159,9.399000,756416.972000,1518568.483000,2182981.898000,2658316.259000,2926054.235400,2955063.314200,2959957.449000,1056.415000,758999.005500,1523429.327000,2189035.232000,2660824.266400,2928916.682020,2956471.929798,2958575.795000
cFCFS,500,425000,0.1,382423,42577,6.606000,876109.274500,1712950.323000,2621498.067500,3125417.873400,3410808.969020,3437295.214140,3441375.681000,1013.282000,878948.010000,1708777.711000,2613991.967000,3115383.643000,3411275.366080,3439044.822416,3442007.060000
cFCFS,500,450000,0.1,405303,44697,8.117000,897392.891500,1774902.065000,2658777.547500,3175119.483200,3473821.415460,3504495.347328,3508701.466000,1039.630000,889903.412000,1765584.708000,2654474.955000,3174911.793000,3475308.753920,3505090.915032,3509202.221000
cFCFS,500,475000,0.1,427409,47591,11.477000,965404.975000,1909436.745000,2880676.564000,3496576.614400,3829301.499560,3861749.904408,3866932.422000,1076.394000,978791.423500,1933233.919000,2887581.652500,3498788.612000,3830023.500900,3862457.531350,3868099.240000
cFCFS,500,500000,0.1,449817,50183,19.078000,1046291.404000,2061184.920000,3102448.213000,3680605.586600,4079554.589200,4119505.082376,4126146.610000,1155.948000,1039976.818500,2045899.381000,3099723.158500,3690052.042400,4080133.978460,4121033.203426,4125607.613000
cFCFS,500,0,0.5,0,0,0.000000,0.000000,0.000000,0.000000,0.000000,0.000000,0.000000,0.000000,0.000000,0.000000,0.000000,0.000000,0.000000,0.000000,0.000000,0.000000
cFCFS,500,25000,0.5,12564,12436,7.654000,58558.787750,104072.523500,169732.222750,204521.558900,225338.867310,228061.216080,228918.309000,1009.205000,59025.225250,104670.935000,170964.990750,205978.386000,227007.949750,229752.253075,233037.741000
cFCFS,500,50000,0.5,24951,25049,13.882000,369399.860500,757371.174000,1286348.396500,1528363.351000,1654237.258000,1663986.530750,1667671.075000,1009.652000,371914.217000,769517.660000,1287232.749000,1525737.397200,1654434.888800,1664806.906024,1672702.680000
cFCFS,500,75000,0.5,37625,37375,14.227000,665969.191000,1491129.855000,2151761.991000,2545674.683000,2760544.333800,2783860.207136,2786398.960000,1044.389000,668990.040000,1475643.045000,2133885.817500,2545061.130000,2763595.102480,2785486.872232,2789294.578000
cFCFS,500,100000,0.5,50093,49907,14.830000,1108768.284000,2178709.372000,3180057.432000,3720936.262400,4111995.946600,4145854.871300,4156527.749000,1091.764000,1125193.667000,2187905.096000,3181065.417000,3727227.052600,4110191.642040,4146788.324422,4153257.823000
cFCFS,500,125000,0.5,62551,62449,7.624000,1315999.361000,2638345.060000,3996626.804500,4801692.529000,5045041.165500,5078307.265300,5083146.717000,1011.151000,1338305.610000,2637181.003000,4005852.015000,4801697.544400,5045091.027560,5079376.381768,5092818.772000
cfs,0,0,0,0,0,0.000000,0.000000,0.000000,0.000000,0.000000,0.000000,0.000000,0.000000,0.000000,0.000000,0.000000,0.000000,0.000000,0.000000,0.000000,0.000000
cfs,0,25000,0,25000,0,4.946000,10.755000,16.729000,60.957000,252.335900,857.184590,1952.711836,5863.653000,0.000000,0.000000,0.000000,0.000000,0.000000,0.000000,0.000000,0.000000
cfs,0,50000,0,50000,0,4.736000,9.139000,12.718000,43.028500,158.637400,665.566440,1739.214704,8470.228000,0.000000,0.000000,0.000000,0.000000,0.000000,0.000000,0.000000,0.000000
cfs,0,75000,0,75000,0,3.781000,8.534000,11.301000,44.758750,291.616200,1773.438560,4924.846077,15868.905000,0.000000,0.000000,0.000000,0.000000,0.000000,0.000000,0.000000,0.000000
cfs,0,100000,0,100000,0,3.696000,8.881750,13.332000,177.424750,1113.852500,4679.310570,5408.753055,13145.862000,0.000000,0.000000,0.000000,0.000000,0.000000,0.000000,0.000000,0.000000
cfs,0,125000,0,125000,0,3.727000,8.942000,13.335000,104.026750,462.585700,2433.386450,3561.338976,16217.711000,0.000000,0.000000,0.000000,0.000000,0.000000,0.000000,0.000000,0.000000
cfs,0,150000,0,150000,0,3.942000,9.975750,16.416500,190.915500,829.806200,2839.365480,3576.701695,11343.773000,0.000000,0.000000,0.000000,0.000000,0.000000,0.000000,0.000000,0.000000
cfs,0,175000,0,175000,0,4.462000,10.120000,16.329000,193.848000,1059.546200,8494.560650,11523.003231,17313.070000,0.000000,0.000000,0.000000,0.000000,0.000000,0.000000,0.000000,0.000000
cfs,0,200000,0,200000,0,4.032000,11.207750,19.983000,280.048750,1484.454400,4878.450770,5932.176181,18543.584000,0.000000,0.000000,0.000000,0.000000,0.000000,0.000000,0.000000,0.000000
cfs,0,225000,0,225000,0,4.345000,12.911000,28.610500,396.271500,2226.480600,10254.489830,12984.217085,17476.817000,0.000000,0.000000,0.000000,0.000000,0.000000,0.000000,0.000000,0.000000
cfs,0,250000,0,250000,0,3.750000,15.231000,51.271500,738.705250,2214.557500,7314.693600,12460.351094,25392.034000,0.000000,0.000000,0.000000,0.000000,0.000000,0.000000,0.000000,0.000000
cfs,0,275000,0,275000,0,3.952000,19.052000,115.634500,810.782250,2060.279000,6477.496650,7833.570286,19338.690000,0.000000,0.000000,0.000000,0.000000,0.000000,0.000000,0.000000,0.000000
cfs,0,300000,0,300000,0,3.744000,19.368000,94.761000,985.066250,2671.413200,6761.294680,8533.286552,19123.708000,0.000000,0.000000,0.000000,0.000000,0.000000,0.000000,0.000000,0.000000
cfs,0,325000,0,325000,0,4.486000,17.841750,44.108500,593.960000,1824.612200,7473.336480,11618.730257,20349.880000,0.000000,0.000000,0.000000,0.000000,0.000000,0.000000,0.000000,0.000000
cfs,0,350000,0,350000,0,4.543000,24.942750,207.902000,1483.225500,4082.583800,9146.085150,12182.128001,23685.249000,0.000000,0.000000,0.000000,0.000000,0.000000,0.000000,0.000000,0.000000
cfs,0,375000,0,375000,0,3.893000,30.914000,280.492500,1431.295250,3160.594300,6248.634160,7438.807035,22555.013000,0.000000,0.000000,0.000000,0.000000,0.000000,0.000000,0.000000,0.000000
cfs,0,400000,0,400000,0,4.642000,177.472750,1197.734000,3059.987250,6589.841400,15852.880200,17271.900012,19724.305000,0.000000,0.000000,0.000000,0.000000,0.000000,0.000000,0.000000,0.000000
cfs,0,425000,0,425000,0,4.768000,754.592750,4353.186000,13470.087500,21718.343400,29526.487850,30367.972069,43653.661000,0.000000,0.000000,0.000000,0.000000,0.000000,0.000000,0.000000,0.000000
cfs,0,450000,0,450000,0,4.583000,43.695000,469.655000,3215.360500,8985.283600,14830.727620,16047.287250,29404.095000,0.000000,0.000000,0.000000,0.000000,0.000000,0.000000,0.000000,0.000000
cfs,0,475000,0,475000,0,4.670000,1294.917250,4789.548000,8286.030000,14142.557900,20099.206250,21192.643011,32901.917000,0.000000,0.000000,0.000000,0.000000,0.000000,0.000000,0.000000,0.000000
cfs,0,500000,0,500000,0,4.769000,4552.588000,23338.734500,27834.193500,31160.897400,38125.351010,38293.075042,46864.657000,0.000000,0.000000,0.000000,0.000000,0.000000,0.000000,0.000000,0.000000
cfs,0,0,0.01,0,0,0.000000,0.000000,0.000000,0.000000,0.000000,0.000000,0.000000,0.000000,0.000000,0.000000,0.000000,0.000000,0.000000,0.000000,0.000000,0.000000
cfs,0,25000,0.01,24759,241,4.697000,10.074000,12.841000,29.586500,105.174000,708.523220,1435.318972,4902.039000,1005.245000,1009.280000,1012.379000,1044.769000,1215.499000,2591.719000,13666.589920,17000.104000
cfs,0,50000,0.01,49512,488,4.133000,8.801000,11.914500,48.205000,304.188300,1868.976880,4607.156016,18167.780000,1004.542000,1007.993500,1010.975500,1090.132250,1507.097400,3808.102490,5580.490154,5630.582000
cfs,0,75000,0.01,74276,724,3.896000,8.746000,12.580000,119.902250,883.056500,3107.019250,4883.715375,14313.602000,1003.994000,1007.878500,1013.386000,1186.462500,2065.755000,5315.267010,14164.759254,16839.933000
cfs,0,100000,0.01,99009,991,4.301000,9.029000,13.022000,75.627000,563.249600,3782.779760,5244.130088,9144.822000,1004.063000,1008.462500,1014.325000,1141.047500,1823.766000,5192.536100,6444.068610,8356.215000
cfs,0,125000,0.01,123760,1240,3.875000,9.740000,14.997000,108.759250,680.222400,3177.846100,4156.834475,13321.821000,1003.720000,1008.651500,1014.829500,1099.714750,1704.551700,4200.377160,11603.430609,12269.865000
cfs,0,150000,0.01,148473,1527,4.289000,11.151000,19.020000,230.997000,1617.766600,4467.372680,5907.898488,19047.761000,1003.807000,1011.243000,1028.743000,1389.045500,2959.849200,5766.507800,10436.026412,13518.638000
cfs,0,175000,0.01,173326,1674,4.221000,12.375000,25.227500,348.081500,2118.592000,6907.526500,10242.762450,19344.980000,1004.071000,1012.631750,1036.274000,1423.336250,3245.798700,9886.073850,12517.647929,19254.588000
cfs,0,200000,0.01,197997,2003,3.911000,15.310000,42.345000,831.761000,2805.959000,7794.138360,10477.621724,19228.187000,1003.506000,1015.005500,1066.680000,2050.535000,3980.600800,9883.946340,12189.638906,17637.349000
cfs,0,225000,0.01,222749,2251,4.487000,22.075000,223.967000,1957.995000,5320.455200,13188.856760,15687.738156,33310.234000,1003.737000,1023.136500,1263.449000,3091.888500,6448.578000,14424.738500,20921.773500,22553.248000
cfs,0,250000,0.01,247565,2435,4.441000,36.591000,455.179000,2908.107000,5845.565600,9354.446360,11052.341328,25412.166000,1003.701000,1045.994500,1474.652000,3940.708000,6974.734200,11096.972820,21365.213078,29987.531000
cfs,0,275000,0.01,272249,2751,3.940000,231.226000,1631.737000,5517.198000,10490.511800,16923.907080,18130.614432,38923.394000,1003.755000,1270.521500,2717.781000,6723.281000,11896.716000,18274.651000,27194.291500,40672.971000
cfs,0,300000,0.01,296969,3031,4.448000,326.946000,1866.209000,5705.317000,11043.328200,15502.958160,17295.442552,32997.364000,1003.539000,1354.294500,3032.820000,7325.440500,12882.760000,17528.421200,25989.149050,35032.828000
cfs,0,325000,0.01,321759,3241,4.514000,5933.825000,10362.448000,17224.089000,21744.646400,24838.961300,26216.356026,49321.735000,1003.478000,7032.854000,11472.562000,18372.776000,22745.520000,26439.457000,40025.044160,45965.070000
cfs,0,350000,0.01,346421,3579,4.637000,13875.703000,22765.528000,39598.342000,46415.694000,49011.180200,57428.056680,70451.574000,1005.718000,15532.574500,23916.641000,40684.928500,47307.065800,51414.617740,63848.247344,89785.311000
cfs,0,375000,0.01,371279,3721,5.098000,19442.365000,33465.370000,58155.849000,64824.077200,67380.645220,70322.070686,113657.788000,1025.861000,20479.237000,34465.615000,59773.392000,65712.457000,69690.895200,82882.875320,91294.579000
cfs,0,400000,0.01,396049,3951,4.638000,35548.255000,81009.187000,127985.682000,162007.253000,180748.308480,181592.498656,204032.571000,1020.797000,38200.525500,87662.551000,129019.921500,164462.385000,182110.949500,188020.481300,216298.040000
cfs,0,425000,0.01,420693,4307,6.170000,72917.233000,129885.678000,199071.045000,234509.246800,251683.226120,252849.463572,263694.064000,1061.016000,71374.825000,129252.561000,195900.571500,233165.271200,252446.042000,257159.032168,289423.334000
cfs,0,450000,0.01,445521,4479,5.801000,82255.708000,152494.201000,224690.060000,280513.935000,315784.184400,318239.755160,331527.983000,1012.125000,82397.806000,155466.171000,227939.501500,283069.581200,316767.787460,319373.357052,348672.242000
cfs,0,475000,0.01,470258,4742,6.900000,95131.208750,183553.029000,275913.078500,328984.673900,368358.437890,371809.978625,385969.710000,1023.784000,96635.211750,184555.978000,277181.785750,330661.662100,370255.953360,373394.191053,387435.371000
cfs,0,500000,0.01,495038,4962,9.594000,97255.285000,208149.180000,337657.091500,422889.829900,460225.989830,463704.678038,474156.476000,1046.208000,99415.718000,207400.295500,339390.106250,413182.979000,461234.600590,464745.385347,473278.203000
cfs,0,0,0.1,0,0,0.000000,0.000000,0.000000,0.000000,0.000000,0.000000,0.000000,0.000000,0.000000,0.000000,0.000000,0.000000,0.000000,0.000000,0.000000,0.000000
cfs,0,25000,0.1,22528,2472,4.661000,10.752000,21.693000,99.848750,1189.176600,6913.236790,9336.372496,21965.575000,1004.032000,1010.181000,1024.153000,1172.876000,2533.524800,9640.887040,12339.827424,35110.324000
cfs,0,50000,0.1,44980,5020,4.564000,537.894250,3842.577500,9680.937250,17882.112200,30649.071200,34967.960300,91593.491000,1003.891000,1603.203750,5295.679000,10888.042000,19366.083200,35213.031850,54937.315217,81534.470000
cfs,0,75000,0.1,67327,7673,7.848000,65565.403000,137334.293000,192096.324000,236942.697000,270703.180240,272815.610264,284565.447000,1006.647000,67795.710000,138684.986000,192651.317000,238489.613600,271926.697600,285746.622080,308416.889000
cfs,0,100000,0.1,90112,9888,48.742000,139694.587750,258289.687500,420507.829000,529590.411600,597652.219200,602799.837696,710585.030000,1145.968000,142943.606250,262356.219000,424296.522500,533259.036600,598307.822400,605723.195488,641647.107000
cfs,0,125000,0.1,112541,12459,7.192000,258489.685000,536940.740000,792432.434000,1020520.676000,1134536.226600,1147859.574380,1159997.829000,1006.496000,258643.967500,538658.105000,794420.255500,1021947.189200,1135778.404800,1150363.674440,1170716.475000
cfs,0,150000,0.1,134983,15017,4.803000,393251.644500,774331.677000,1202882.310500,1394266.171800,1593256.960440,1607108.094614,1617239.599000,1007.259000,395201.979000,774073.257000,1201154.797000,1395012.266400,1592192.558760,1607344.427584,1630956.555000
cfs,0,175000,0.1,157557,17443,10.405000,446892.416000,927551.456000,1439141.632000,1755443.144400,1949287.984200,1971235.521460,1980972.337000,1056.850000,458282.060000,943777.538000,1457824.738500,1765178.328400,1955009.936300,1974139.968874,2066321.969000
cfs,0,200000,0.1,180042,19958,5.971000,625777.670250,1200861.865000,1841819.164500,2218995.795900,2464885.656600,2487764.718188,2492594.433000,1030.497000,633015.408500,1222741.086500,1860132.158500,2229833.184000,2465848.619310,2488734.113155,2588491.273000
cfs,0,225000,0.1,202523,22477,7.823000,641626.922500,1346302.178000,2052277.189500,2491085.416400,2751665.912100,2777383.323770,2785257.091000,1031.809000,633395.985000,1331564.401000,2049043.952000,2493474.855400,2750576.236840,2778425.803616,2795215.494000
cfs,0,250000,0.1,224809,25191,6.309000,709532.970000,1580452.786000,2400382.882000,2896044.716400,3205924.581040,3229001.462384,3236219.938000,1018.274000,715887.416000,1577787.285000,2391808.205000,2903296.216000,3204055.155700,3230565.784620,3242756.188000
cfs,0,275000,0.1,247694,27306,5.907000,882571.609750,1821107.256500,2805917.157500,3380398.947400,3724575.446510,3745987.506637,3776288.773000,1010.645000,901833.817500,1832044.946000,2814076.836500,3381233.151500,3725999.535400,3748330.634755,3772152.327000
cfs,0,300000,0.1,269827,30173,10.547000,1022566.044000,2083350.775000,3140865.808500,3783965.481200,4157403.022060,4190452.505726,4199007.121000,1021.096000,1012124.502000,2085341.740000,3157616.737000,3790123.870000,4158213.033600,4192204.753536,4201589.276000
cfs,0,325000,0.1,292483,32517,6.160000,1106172.404000,2195812.650000,3443805.577000,4164994.654200,4603570.616780,4645788.053902,4651783.567000,1020.792000,1119432.531000,2198885.883000,3447227.141000,4171041.169000,4605537.631040,4647942.727492,4667497.911000
cfs,0,350000,0.1,314724,35276,19.699000,1193893.593250,2532187.832000,3840153.388000,4585243.006700,5040943.907460,5087218.272391,5094665.127000,1024.612000,1207430.523750,2515902.560500,3824555.222750,4586638.183500,5045100.717500,5090429.260850,5101005.791000
cfs,0,0,0.5,0,0,0.000000,0.000000,0.000000,0.000000,0.000000,0.000000,0.000000,0.000000,0.000000,0.000000,0.000000,0.000000,0.000000,0.000000,0.000000,0.000000
cfs,0,25000,0.5,12507,12493,10.190000,254641.797500,518892.726000,782436.013000,945143.914200,1043000.791820,1052234.618564,1052906.727000,1005.522000,259731.717000,526927.726000,784910.637000,946663.248000,1044513.373600,1056799.634440,1157965.822000
cfs,0,50000,0.5,24931,25069,9.559000,642886.968000,1369017.395000,2180071.479500,2669317.763000,2931674.598300,2955433.473860,2960874.866000,1012.129000,649697.764000,1392078.819000,2182720.452000,2664255.566400,2930051.582600,2956387.559864,2969312.611000
cfs,0,75000,0.5,37489,37511,18.607000,1224426.222000,2513009.304000,3833716.076000,4574215.093600,5044204.748880,5094968.667960,5103202.064000,1012.438000,1202664.875000,2507530.195000,3830516.955000,4584362.327000,5041959.995000,5096080.835070,5105083.622000
orca,0,0,0,0,0,0.000000,0.000000,0.000000,0.000000,0.000000,0.000000,0.000000,0.000000,0.000000,0.000000,0.000000,0.000000,0.000000,0.000000,0.000000,0.000000
orca,0,25000,0,25000,0,4.514000,12.533500,23.084000,60.918750,188.783900,639.022810,1829.496281,3987.136000,0.000000,0.000000,0.000000,0.000000,0.000000,0.000000,0.000000,0.000000
orca,0,50000,0,50000,0,4.020000,11.466000,25.077000,124.637500,407.862600,1171.906310,1931.678175,11305.072000,0.000000,0.000000,0.000000,0.000000,0.000000,0.000000,0.000000,0.000000
orca,0,75000,0,75000,0,3.671000,12.088000,30.421500,269.145750,775.538900,1645.508620,2340.389444,13187.354000,0.000000,0.000000,0.000000,0.000000,0.000000,0.000000,0.000000,0.000000
orca,0,100000,0,100000,0,4.795000,14.667750,96.182000,584.044750,1308.095800,5182.101110,6233.718810,13504.774000,0.000000,0.000000,0.000000,0.000000,0.000000,0.000000,0.000000,0.000000
orca,0,125000,0,125000,0,4.056000,15.459750,72.416500,392.299500,1020.095800,3335.372160,7083.964672,14287.545000,0.000000,0.000000,0.000000,0.000000,0.000000,0.000000,0.000000,0.000000
orca,0,150000,0,150000,0,3.849000,16.667750,80.603500,522.509750,1380.002300,3464.019600,12048.249174,18710.840000,0.000000,0.000000,0.000000,0.000000,0.000000,0.000000,0.000000,0.000000
orca,0,175000,0,175000,0,3.886000,24.744000,196.588500,690.989500,1588.452800,3218.721610,5528.402118,13259.954000,0.000000,0.000000,0.000000,0.000000,0.000000,0.000000,0.000000,0.000000
orca,0,200000,0,200000,0,3.928000,17.806000,60.648000,413.252250,1238.204100,4198.367850,6247.704565,15900.547000,0.000000,0.000000,0.000000,0.000000,0.000000,0.000000,0.000000,0.000000
orca,0,225000,0,225000,0,4.644000,22.407000,344.434500,1596.395250,3224.137700,7482.783810,9436.570700,58883.513000,0.000000,0.000000,0.000000,0.000000,0.000000,0.000000,0.000000,0.000000
orca,0,250000,0,250000,0,4.484000,34.029750,545.697500,1783.728750,3294.493300,7406.256550,8684.038367,34205.425000,0.000000,0.000000,0.000000,0.000000,0.000000,0.000000,0.000000,0.000000
orca,0,275000,0,275000,0,3.747000,137.521500,674.675000,1929.205500,5068.756100,11106.909110,13593.109204,31633.372000,0.000000,0.000000,0.000000,0.000000,0.000000,0.000000,0.000000,0.000000
orca,0,300000,0,300000,0,3.895000,148.210500,884.700000,2817.781000,5555.600700,9529.685080,10879.404162,29870.370000,0.000000,0.000000,0.000000,0.000000,0.000000,0.000000,0.000000,0.000000
orca,0,325000,0,325000,0,3.814000,173.825250,809.736500,2340.542000,4815.203500,8748.386520,10012.127209,38891.761000,0.000000,0.000000,0.000000,0.000000,0.000000,0.000000,0.000000,0.000000
orca,0,350000,0,350000,0,3.868000,137.054500,914.020000,2508.712250,4470.978400,8607.133760,10311.436168,33802.811000,0.000000,0.000000,0.000000,0.000000,0.000000,0.000000,0.000000,0.000000
orca,0,375000,0,375000,0,4.065000,75.848500,1065.665500,3257.149000,5436.359200,9019.114260,10097.506529,35469.136000,0.000000,0.000000,0.000000,0.000000,0.000000,0.000000,0.000000,0.000000
orca,0,400000,0,400000,0,4.426000,418.735750,1812.849000,4221.540750,6757.454600,13422.460340,15418.907274,33815.164000,0.000000,0.000000,0.000000,0.000000,0.000000,0.000000,0.000000,0.000000
orca,0,425000,0,425000,0,3.832000,1152.160500,3124.774500,6894.141000,10886.179000,17503.517060,21228.322377,75668.990000,0.000000,0.000000,0.000000,0.000000,0.000000,0.000000,0.000000,0.000000
orca,0,450000,0,450000,0,5.110000,2565.757500,7574.757000,14753.067750,20324.881200,31063.400500,31837.620051,94712.340000,0.000000,0.000000,0.000000,0.000000,0.000000,0.000000,0.000000,0.000000
orca,0,475000,0,475000,0,5.652000,6985.433000,9863.524000,15407.554750,19689.443400,22481.201100,22859.699339,108355.715000,0.000000,0.000000,0.000000,0.000000,0.000000,0.000000,0.000000,0.000000
orca,0,500000,0,500000,0,5.139000,5455.637500,9250.362500,15091.677000,18107.037900,21279.948420,22353.996149,76993.786000,0.000000,0.000000,0.000000,0.000000,0.000000,0.000000,0.000000,0.000000
orca,0,0,0.01,0,0,0.000000,0.000000,0.000000,0.000000,0.000000,0.000000,0.000000,0.000000,0.000000,0.000000,0.000000,0.000000,0.000000,0.000000,0.000000,0.000000
orca,0,25000,0.01,24737,263,4.584000,12.179000,31.677000,100.093000,258.533600,1242.258600,1659.093608,8109.605000,1004.018000,1012.481000,1034.760000,1110.268000,1291.388800,2360.275220,3086.543736,3129.321000
orca,0,50000,0.01,49514,486,4.609000,11.138000,21.849000,136.333500,570.421000,1960.849970,4937.327114,11876.896000,1004.348000,1010.664000,1034.569500,1231.608250,1784.878500,5209.485000,5776.214900,5982.951000
orca,0,75000,0.01,74308,692,4.508000,12.115000,25.371500,190.546750,770.803700,3463.284860,5720.680300,15375.019000,1005.213000,1011.815250,1041.164000,1361.414500,2265.172200,5643.729470,8671.262882,12982.065000
orca,0,100000,0.01,99017,983,3.913000,14.084000,51.312000,440.756000,1477.000600,3942.095040,4695.332328,18504.994000,1004.561000,1013.245500,1057.343000,1498.484500,2679.455400,5227.211380,9892.172654,11598.106000
orca,0,125000,0.01,123755,1245,3.844000,14.177500,30.958000,322.922000,1349.033000,3349.288800,3922.147078,12348.202000,1004.468000,1013.472000,1041.491000,1414.845000,2454.136000,4511.422800,7787.712696,11474.271000
orca,0,150000,0.01,148509,1491,4.458000,18.540000,145.124000,1225.045000,3582.785000,9317.727240,11757.687200,18384.899000,1004.217000,1019.607000,1186.160000,2252.065500,4525.421000,9732.082100,13535.369640,21917.894000
orca,0,175000,0.01,173261,1739,4.524000,28.107000,335.363000,1673.216000,3569.563000,12333.336400,15731.134480,28628.884000,1003.681000,1033.029500,1375.387000,2733.201000,4640.286200,13569.773120,15980.167880,16421.366000
orca,0,200000,0.01,198003,1997,3.929000,27.956500,321.306000,1626.277000,3603.951200,9602.407180,13890.761012,53855.397000,1003.561000,1027.667000,1322.377000,2721.308000,4571.519600,10245.477640,16349.908764,16834.060000
orca,0,225000,0.01,222785,2215,4.354000,31.211000,411.853000,1861.416000,3962.740800,8893.978320,10646.241072,30592.491000,1003.717000,1033.019500,1479.270000,2813.788500,5154.364600,10185.780560,14144.623710,20453.201000
orca,0,250000,0.01,247481,2519,3.938000,112.002000,1233.135000,3886.491000,6520.023000,18622.791600,22089.318240,47441.682000,1003.701000,1107.849000,2302.876000,5082.357500,7551.050200,19675.632480,23794.680682,27218.885000
orca,0,275000,0.01,272255,2745,4.395000,1006.745000,3408.787000,6628.517000,10677.911000,16037.850940,17160.260406,48060.781000,1004.221000,2211.906000,4644.510000,7783.956000,11785.394400,17464.353400,23967.463720,31519.006000
orca,0,300000,0.01,297013,2987,4.463000,705.772000,2417.396000,5178.775000,8153.056200,14971.360360,17158.592532,59502.615000,1003.579000,1795.051000,3491.525000,6266.108500,9659.386000,16464.559120,23335.677782,33713.455000
orca,0,325000,0.01,321885,3115,4.408000,6209.787000,8491.144000,11702.177000,14488.028800,20062.544920,22395.071008,55591.028000,1005.590000,7186.868000,9482.867000,12882.975000,15725.035400,21996.891980,28402.597794,36120.026000
orca,0,350000,0.01,346586,3414,4.598000,5826.995250,17253.626000,24830.169750,27649.051500,31798.044550,32766.676960,148169.061000,1004.794000,6908.748750,18178.998000,25751.611000,28743.015700,33111.570100,44205.581365,75360.833000
orca,0,375000,0.01,371295,3705,5.149000,21967.338500,44816.747000,81633.292500,87195.165200,95493.266340,99176.106240,190880.498000,1025.406000,23183.376000,45377.666000,81605.661000,88293.296600,96836.953360,101111.068864,108918.088000
orca,0,400000,0.01,396028,3972,4.679000,33982.431000,78434.479000,124920.335250,148277.997000,164137.155950,170767.180304,209311.575000,1006.423000,35520.422500,76012.139000,124532.326000,149268.552200,165029.584420,171643.737161,176944.181000
orca,0,425000,0.01,420904,4096,4.641000,56650.333000,110275.444500,161728.057000,179375.294800,191871.676300,200669.942134,272048.424000,1015.269000,58896.525250,114001.596000,162509.349000,180382.866000,195717.000850,201711.899790,210742.825000
orca,0,450000,0.01,445503,4497,6.020000,74014.517000,135693.988000,223478.834500,249791.932400,265298.704200,268777.754344,345299.436000,1424.493000,76782.110000,136826.147000,222442.988000,250436.914400,266073.607200,269724.758440,274451.578000
orca,0,475000,0.01,470325,4675,5.609000,94244.499000,187742.806000,285477.787000,326883.076800,351682.626440,353770.288576,377989.529000,1011.229000,94395.136000,188607.412000,283358.243500,327219.975600,352641.305480,354677.433048,366022.209000
orca,0,500000,0.01,495104,4896,4.792000,131834.551000,260204.322500,355310.055750,419553.368900,450641.572470,453901.542000,486333.355000,1018.823000,124312.433750,256717.839500,357502.098000,425796.591000,451722.589600,454934.318770,458298.053000
orca,0,0,0.1,0,0,0.000000,0.000000,0.000000,0.000000,0.000000,0.000000,0.000000,0.000000,0.000000,0.000000,0.000000,0.000000,0.000000,0.000000,0.000000,0.000000
orca,0,25000,0.1,22454,2546,4.697000,14.015500,41.372000,932.053250,2541.449400,11351.457870,14563.179276,15547.178000,1003.792000,1013.850500,1049.196500,2130.447500,4190.121000,12044.280100,15542.682175,15621.030000
orca,0,50000,0.1,44913,5087,4.507000,487.596000,2852.573000,7252.473000,13043.272800,19353.720480,20827.489768,90050.459000,1004.012000,1483.287500,3830.135000,8400.511000,14169.455600,21180.703240,29340.283700,46203.094000
orca,0,75000,0.1,67631,7369,6.165000,51738.054500,94424.425000,161644.589500,183759.708000,198473.391800,199069.095510,439354.008000,1008.320000,52780.315000,95339.547000,161127.922000,184262.704400,199426.927440,200326.149312,212988.571000
orca,0,100000,0.1,90092,9908,12.798000,180704.712500,325125.507000,505344.970750,579541.049800,660866.608490,667427.053300,1137431.807000,1011.902000,183075.333000,324039.308500,506184.400750,583390.121200,662634.629230,668244.581871,674742.852000
orca,0,125000,0.1,112484,12516,5.858000,293633.751750,564518.858500,813714.913000,998553.509300,1082983.033970,1090632.143962,1158657.143000,1011.444000,294020.353250,570395.815500,815871.641000,997165.126000,1083406.208900,1091593.784885,1102742.369000
orca,0,150000,0.1,135037,14963,16.839000,371104.456000,746325.493000,1113893.187000,1316881.223000,1441507.037000,1454430.334444,1662875.168000,1056.221000,366462.961500,742875.838000,1118356.591000,1318580.861600,1442936.994780,1455322.013726,1463691.029000
orca,0,175000,0.1,157425,17575,6.912000,465868.373000,919922.924000,1404983.671000,1686022.021200,1853072.186440,1866860.037544,1868362.601000,1007.262000,472960.086000,928263.458000,1408779.060500,1684884.317200,1853001.074420,1867564.360330,1876657.317000
orca,0,200000,0.1,180054,19946,7.106000,561208.476000,1125161.306500,1773715.399250,2161211.448200,2354491.591980,2373869.527550,2577058.503000,1012.832000,578054.755750,1117366.165500,1762571.927250,2162148.455500,2355978.751750,2374995.081450,2442766.400000
orca,0,225000,0.1,202574,22426,6.576000,690306.876750,1335449.554000,2024621.044500,2461834.479700,2684403.507650,2708537.947989,2767353.244000,1012.028000,688438.094750,1334603.180500,2031923.075500,2461996.526500,2685548.507250,2708920.294375,2711275.731000
orca,0,250000,0.1,224937,25063,6.166000,848976.966000,1627025.706000,2392825.002000,2854824.389000,3160136.346240,3197075.577520,3202791.023000,1019.551000,841884.397000,1622478.092000,2376259.903500,2847377.538400,3162822.998280,3197744.694378,3201332.250000
orca,0,275000,0.1,247464,27536,13.693000,857562.213500,1700678.255500,2613020.658000,3104153.412800,3447701.824160,3476567.642903,3490360.234000,1019.108000,865640.634500,1709682.517000,2611510.672750,3111595.581000,3446909.027050,3476405.654520,3497257.940000
orca,0,300000,0.1,269869,30131,8.863000,1006872.656000,2021032.797000,2969625.622000,3698385.317400,4062335.494920,4096293.683892,4122755.987000,1017.244000,1002745.327000,2018638.357000,2975255.516500,3713802.801000,4065876.695600,4098796.365770,4121164.161000
orca,0,325000,0.1,292422,32578,7.319000,1072089.377500,2260362.539500,3282292.463500,3954811.127700,4441189.685300,4477886.299024,4528855.193000,1021.293000,1068857.505750,2244150.745500,3280765.573000,3955858.813800,4441273.809340,4478102.923994,4488424.773000
orca,0,350000,0.1,314651,35349,5.185000,1195376.218500,2522442.392000,3715514.498500,4431973.306000,4840476.123500,4882365.135900,4941730.552000,1008.710000,1186075.746000,2531483.381000,3718706.860000,4434635.936800,4842674.426200,4883348.732412,4888970.790000
orca,0,375000,0.1,337702,37298,7.600000,1237607.409750,2498297.462500,3787822.073250,4561268.777400,5016126.113270,5055611.780519,5060678.934000,1006.206000,1253816.849250,2518588.859000,3808747.321250,4567435.581300,5014303.547100,5056798.034248,5062186.354000
orca,0,0,0.5,0,0,0.000000,0.000000,0.000000,0.000000,0.000000,0.000000,0.000000,0.000000,0.000000,0.000000,0.000000,0.000000,0.000000,0.000000,0.000000,0.000000
orca,0,25000,0.5,12566,12434,13.766000,212582.942250,431144.229500,647365.869250,786086.096500,861747.961550,873236.647450,1096405.619000,1017.613000,217942.527750,435544.384500,653344.872250,786913.173000,863621.478030,874584.260526,1014852.498000
orca,0,50000,0.5,24971,25029,25.524000,698728.941000,1362343.170000,2053771.307500,2456198.073000,2694486.317300,2720035.732330,3543057.838000,1024.076000,687549.437000,1366297.862000,2054526.391000,2455655.122600,2697706.464120,2721878.288920,3245056.683000
orca,0,75000,0.5,37418,37582,23.168000,1216752.057750,2377199.279500,3761243.629250,4460202.115900,4836537.439540,4872401.832023,4876590.710000,1023.160000,1203275.484000,2352982.170500,3739559.855750,4425284.907000,4833103.766660,4873391.032972,4883362.582000
orca,0,100000,0.5,50218,49782,17.741000,1634471.076500,3246221.001000,4876697.487750,5101547.929000,5187959.454660,5234764.259536,5241095.401000,1022.506000,1599415.807500,3191223.891000,4845552.148750,5101502.527900,5187389.213740,5235780.596299,5242670.230000
